0 953
0 384
0 323
0 173
0 383
323 384
173 384
383 384
173 323
323 383
173 383
0 86
0 691
0 271
271 691
0 290
0 540
290 540
1 291
1 422
1 390
1 522
1 714
1 748
1 275
1 699
1 28
291 422
291 390
291 522
291 714
291 748
275 291
291 699
28 291
390 422
422 522
422 714
422 748
275 422
422 699
28 422
390 522
390 714
390 748
275 390
390 699
28 390
522 714
522 748
275 522
522 699
28 522
714 748
275 714
699 714
28 714
275 748
699 748
28 748
275 699
28 275
28 699
1 289
1 646
1 295
1 905
1 266
1 780
1 429
1 430
1 78
1 876
1 533
1 534
1 471
1 505
1 218
1 284
1 862
1 31
289 646
289 295
289 905
266 289
289 780
289 429
289 430
78 289
289 876
289 533
289 534
289 471
289 505
218 289
284 289
289 862
31 289
295 646
646 905
266 646
646 780
429 646
430 646
78 646
646 876
533 646
534 646
471 646
505 646
218 646
284 646
646 862
31 646
295 905
266 295
295 780
295 429
295 430
78 295
295 876
295 533
295 534
295 471
295 505
218 295
284 295
295 862
31 295
266 905
780 905
429 905
430 905
78 905
876 905
533 905
534 905
471 905
505 905
218 905
284 905
862 905
31 905
266 780
266 429
266 430
78 266
266 876
266 533
266 534
266 471
266 505
218 266
266 284
266 862
31 266
429 780
430 780
78 780
780 876
533 780
534 780
471 780
505 780
218 780
284 780
780 862
31 780
429 430
78 429
429 876
429 533
429 534
429 471
429 505
218 429
284 429
429 862
31 429
78 430
430 876
430 533
430 534
430 471
430 505
218 430
284 430
430 862
31 430
78 876
78 533
78 534
78 471
78 505
78 218
78 284
78 862
31 78
533 876
534 876
471 876
505 876
218 876
284 876
862 876
31 876
533 534
471 533
505 533
218 533
284 533
533 862
31 533
471 534
505 534
218 534
284 534
534 862
31 534
471 505
218 471
284 471
471 862
31 471
218 505
284 505
505 862
31 505
218 284
218 862
31 218
284 862
31 284
31 862
1 1850
1 1129
862 1850
1129 1850
862 1129
1011 2007
1011 2040
2 3151
648 2865
648 1012
1012 2865
1012 1349
1013 1500
1500 1725
1013 1725
1013 1545
1545 1725
1058 1445
1058 2118
1058 1801
1058 1236
1013 1058
1046 1058
1058 1500
1058 1725
1445 2118
1445 1801
1236 1445
1013 1445
1046 1445
1445 1500
1445 1725
1801 2118
1236 2118
1013 2118
1046 2118
1500 2118
1725 2118
1236 1801
1013 1801
1046 1801
1500 1801
1725 1801
1013 1236
1046 1236
1236 1500
1236 1725
1013 1046
1046 1500
1046 1725
1380 1744
1733 1744
1014 1744
1380 1733
1014 1380
1014 1733
1014 1059
1059 1380
1059 1680
1059 1744
1380 1680
1680 1744
1014 1680
1058 1088
1088 1891
1088 1219
1088 1860
1067 1088
1070 1088
1015 1088
1088 1396
1088 1687
441 1088
1088 1242
1088 1500
1088 1150
1058 1891
1058 1219
1058 1860
1058 1067
1058 1070
1015 1058
1058 1396
1058 1687
441 1058
1058 1242
1058 1150
1219 1891
1860 1891
1067 1891
1070 1891
1015 1891
1396 1891
1687 1891
441 1891
1242 1891
1500 1891
1150 1891
1219 1860
1067 1219
1070 1219
1015 1219
1219 1396
1219 1687
441 1219
1219 1242
1219 1500
1150 1219
1067 1860
1070 1860
1015 1860
1396 1860
1687 1860
441 1860
1242 1860
1500 1860
1150 1860
1067 1070
1015 1067
1067 1396
1067 1687
441 1067
1067 1242
1067 1500
1067 1150
1015 1070
1070 1396
1070 1687
441 1070
1070 1242
1070 1500
1070 1150
1015 1396
1015 1687
441 1015
1015 1242
1015 1500
1015 1150
1396 1687
441 1396
1242 1396
1396 1500
1150 1396
441 1687
1242 1687
1500 1687
1150 1687
441 1242
441 1500
441 1150
1242 1500
1150 1242
1150 1500
1444 1891
1478 1891
1083 1891
1444 1478
1015 1444
1083 1444
1015 1478
1083 1478
1015 1083
1439 1444
1439 1478
1015 1439
1083 1439
1083 1397
1015 1397
79 2183
32 685
32 2183
685 2183
460 2183
1016 1620
3 295
3 749
3 304
3 819
3 503
3 120
295 749
295 304
295 819
295 503
120 295
304 749
749 819
503 749
120 749
304 819
304 503
120 304
503 819
120 819
120 503
2184 2306
2184 2261
2261 2306
2185 3042
2185 2812
2812 3042
1017 1624
978 1624
1549 1624
978 1017
1017 1549
978 1549
326 1017
4 739
294 739
4 294
646 2091
646 1019
30 646
780 2091
1019 2091
30 2091
780 1019
30 780
30 1019
5 97
97 329
97 274
97 916
97 661
5 329
5 274
5 916
5 661
274 329
329 916
329 661
274 916
274 661
661 916
63 97
5 63
1021 1896
6 643
1024 1077
514 867
514 677
8 514
44 514
14 514
270 514
431 514
308 514
341 514
514 925
478 514
677 867
8 867
44 867
14 867
270 867
431 867
308 867
341 867
867 925
478 867
8 677
44 677
14 677
270 677
431 677
308 677
341 677
677 925
478 677
8 44
8 14
8 270
8 431
8 308
8 341
8 925
8 478
14 44
44 270
44 431
44 308
44 341
44 925
44 478
14 270
14 431
14 308
14 341
14 925
14 478
270 431
270 308
270 341
270 925
270 478
308 431
341 431
431 925
431 478
308 341
308 925
308 478
341 925
341 478
478 925
1634 2105
1029 2105
1695 2105
1029 1634
1634 1695
1029 1695
1029 1401
1029 1538
1141 1538
1538 1911
1029 1141
1029 1911
1141 1911
1941 2128
1030 2128
1030 1941
1794 2003
1031 1794
1794 1930
1031 2003
1930 2003
1031 1930
961 1645
961 1031
1031 1645
1031 1488
9 568
568 583
9 583
385 386
385 387
385 932
385 933
385 584
9 385
385 654
385 847
386 387
386 932
386 933
386 584
9 386
386 654
386 847
387 932
387 933
387 584
9 387
387 654
387 847
932 933
584 932
9 932
654 932
847 932
584 933
9 933
654 933
847 933
9 584
584 654
584 847
9 654
9 847
654 847
9 290
9 33
33 290
9 753
9 398
9 824
824 933
158 824
9 158
158 933
11 434
11 204
1033 1946
1033 1363
1033 2014
1363 1946
1946 2014
1363 2014
1033 2015
1035 1054
1037 1615
1037 1040
1411 1475
1037 1411
1040 1411
1042 1411
1047 1411
1037 1475
1040 1475
1042 1475
1047 1475
1037 1042
1037 1047
1040 1042
1040 1047
1042 1047
972 2196
2196 2901
55 2196
972 2901
55 972
55 2901
1769 1776
1090 1776
1038 1776
1090 1769
1038 1769
1038 1090
1090 1924
1090 1107
1090 1174
1038 1924
1776 1924
1107 1924
1174 1924
1038 1107
1038 1174
1107 1776
1174 1776
1107 1174
57 1038
57 2119
1038 2119
57 1047
1038 1047
57 1636
1038 1636
1850 1937
862 1937
1039 1937
1039 1850
862 1039
1040 1599
1040 1371
1040 1076
1076 1371
1371 1599
1076 1599
1041 1307
1041 1475
1041 1119
1307 1475
1119 1307
1119 1475
1543 1667
1667 2202
79 1667
1667 3153
1667 3028
1667 3162
828 1667
1543 2202
79 1543
1543 3153
1543 3028
1543 3162
828 1543
79 2202
2202 3153
2202 3028
2202 3162
828 2202
79 3153
79 3028
79 3162
79 828
3028 3153
3153 3162
828 3153
3028 3162
828 3028
828 3162
1279 1664
1664 1895
1006 1664
882 1664
179 1664
1664 3028
887 1664
88 1664
1664 2202
31 1664
1279 1895
1006 1279
882 1279
179 1279
1279 3028
887 1279
88 1279
1279 2202
31 1279
1006 1895
882 1895
179 1895
1895 3028
887 1895
88 1895
1895 2202
31 1895
882 1006
179 1006
1006 3028
887 1006
88 1006
1006 2202
31 1006
179 882
882 3028
882 887
88 882
882 2202
31 882
179 3028
179 887
88 179
179 2202
31 179
887 3028
88 3028
31 3028
88 887
887 2202
31 887
88 2202
31 88
31 2202
34 609
609 1667
37 609
609 1543
462 609
79 609
609 3028
278 609
609 2202
34 1667
34 37
34 1543
34 462
34 79
34 3028
34 278
34 2202
37 1667
462 1667
278 1667
37 1543
37 462
37 79
37 3028
37 278
37 2202
462 1543
278 1543
79 462
462 3028
278 462
462 2202
79 278
278 3028
278 2202
1042 1615
1043 1634
1634 2139
1043 2139
1043 1695
1695 2139
1634 1894
1351 1634
1116 1634
1351 1894
1043 1894
1116 1894
1043 1351
1116 1351
1043 1116
1481 1634
1043 1481
1116 1481
1044 1892
1045 1470
1705 2080
1045 2080
1470 2080
1045 1705
1470 1705
1916 2080
1045 1916
1470 1916
1470 1886
1045 1886
1870 1886
1470 1870
1045 1870
2002 2080
1045 2002
1470 2002
1542 2050
1423 2050
1045 2050
1143 2050
1470 2050
1423 1542
1045 1542
1143 1542
1470 1542
1045 1423
1143 1423
1423 1470
1045 1143
1143 1470
1045 2003
1470 2003
1125 2657
1902 2657
1046 2657
1532 2657
1125 1902
1046 1125
1125 1532
1046 1902
1532 1902
1046 1532
1532 2658
1046 2658
1125 1690
1046 1690
1047 1599
1047 2034
1775 2034
1047 1775
2206 3099
172 1050
1050 1524
172 1524
1050 1057
1057 1787
1057 1524
1050 1787
1524 1787
12 502
12 655
502 655
12 1740
12 364
364 799
12 799
1636 1890
1253 1890
57 1890
1051 1890
1253 1636
1051 1636
57 1253
1051 1253
57 1051
1707 2210
2210 3085
1707 3085
969 2210
969 1063
1063 2210
1055 1066
13 691
16 497
16 822
16 472
16 542
497 822
472 497
497 542
472 822
542 822
472 542
1634 2213
2214 3235
18 604
18 847
604 847
20 663
1060 1864
100 934
100 679
100 390
100 551
100 1005
21 100
100 439
679 934
390 934
551 934
934 1005
21 934
439 934
390 679
551 679
679 1005
21 679
439 679
390 551
390 1005
21 390
390 439
551 1005
21 551
439 551
21 1005
439 1005
21 439
390 698
22 698
22 390
390 1008
22 1008
422 554
22 422
522 554
22 522
275 554
22 554
22 275
22 598
390 616
268 390
123 390
390 701
390 766
268 616
616 699
22 616
439 616
616 698
123 616
616 701
616 766
268 699
22 268
268 439
268 698
123 268
268 701
268 766
22 699
439 699
698 699
123 699
699 701
699 766
22 439
22 123
22 701
22 766
439 698
123 439
439 701
439 766
123 698
698 701
698 766
123 701
123 766
701 766
2219 2489
738 2242
2242 3080
441 2242
2221 2242
2242 2745
31 2242
738 3080
441 738
738 2221
738 2745
31 738
441 3080
2221 3080
2745 3080
31 3080
441 2221
441 2745
31 441
2221 2745
31 2221
31 2745
23 53
23 855
24 297
24 471
297 471
769 903
263 769
769 905
266 769
460 769
24 769
263 903
903 905
266 903
460 903
24 903
263 905
263 266
263 460
24 263
460 905
24 905
266 460
24 266
24 460
24 378
99 164
99 518
99 423
99 552
99 588
24 99
164 518
164 423
164 552
164 588
24 164
423 518
518 552
518 588
24 518
423 552
423 588
24 423
552 588
24 552
24 588
1063 1707
2222 2566
1064 1764
1764 1900
1230 1764
795 1764
1764 1918
1727 1764
1064 1900
1064 1230
795 1064
1064 1918
1064 1727
1230 1900
795 1900
1900 1918
1727 1900
795 1230
1230 1918
1230 1727
795 1918
795 1727
1727 1918
265 296
296 461
296 338
276 296
296 372
296 505
25 296
265 461
265 338
265 276
265 372
265 505
25 265
338 461
276 461
372 461
461 505
25 461
276 338
338 372
338 505
25 338
276 372
276 505
25 276
372 505
25 372
25 505
25 888
296 561
296 537
265 561
265 537
338 561
276 561
372 561
537 561
25 561
338 537
276 537
372 537
25 537
25 291
2224 2558
2224 3022
2558 3022
27 940
1065 2027
739 1568
1226 1568
1068 1568
592 1568
739 1226
739 1068
592 739
1068 1226
592 1226
592 1068
32 1568
32 739
32 615
32 392
32 1226
32 1068
615 1568
392 1568
685 1568
615 739
392 739
685 739
392 615
615 1226
615 1068
615 685
392 1226
392 1068
392 685
685 1226
685 1068
2232 3033
2232 3202
3033 3202
2232 3057
2232 2540
3057 3202
2540 3057
2540 3202
2232 2322
2322 3202
2233 2591
339 2233
1071 1733
67 422
67 999
67 390
67 998
67 522
67 714
67 748
28 67
67 275
67 184
67 699
67 956
422 999
422 998
184 422
422 956
390 999
998 999
522 999
714 999
748 999
28 999
275 999
184 999
699 999
956 999
390 998
184 390
390 956
522 998
714 998
748 998
28 998
275 998
184 998
699 998
956 998
184 522
522 956
184 714
714 956
184 748
748 956
28 184
28 956
184 275
275 956
184 699
184 956
699 956
291 999
291 998
291 554
48 291
184 291
291 442
48 422
422 442
554 999
48 999
442 999
390 554
48 390
390 442
554 998
48 998
442 998
48 522
442 522
554 714
554 748
48 554
184 554
442 554
554 699
28 554
48 714
442 714
48 748
442 748
48 275
48 184
48 442
48 699
28 48
275 442
184 442
442 699
28 442
469 956
28 469
422 469
1431 2236
780 2148
30 2148
780 1788
30 1788
646 1766
1740 1766
780 1766
179 1766
30 1766
31 1766
646 1740
179 646
780 1740
179 1740
30 1740
31 1740
179 780
30 179
30 31
646 1383
646 1649
567 646
780 1383
1383 1649
179 1383
567 1383
30 1383
780 1649
567 780
179 1649
567 1649
30 1649
179 567
30 567
780 2066
1165 2066
30 2066
780 1165
30 1165
780 1664
30 1664
780 1895
30 1895
1374 1989
646 1374
780 1374
1374 1979
30 1374
646 1989
780 1989
1979 1989
30 1989
646 1979
780 1979
30 1979
179 1073
1073 1220
471 1073
179 1220
179 471
471 1220
29 793
792 793
29 792
793 1708
29 1708
179 266
218 1863
876 1863
31 1863
31 1357
31 1667
2082 2083
31 2082
31 2083
1075 1387
1075 1220
471 1075
1220 1387
471 1387
1078 1613
1078 1599
32 768
32 2081
685 768
768 2081
685 2081
32 769
32 2494
32 2278
32 905
32 2669
32 1678
32 1876
32 887
32 1469
32 2686
769 2494
769 2278
769 2669
769 1678
685 769
769 1876
769 887
769 1469
769 2686
2278 2494
905 2494
2494 2669
1678 2494
685 2494
1876 2494
887 2494
1469 2494
2494 2686
905 2278
2278 2669
1678 2278
685 2278
1876 2278
887 2278
1469 2278
2278 2686
905 2669
905 1678
685 905
905 1876
887 905
905 1469
905 2686
1678 2669
685 2669
1876 2669
887 2669
1469 2669
2669 2686
685 1678
1678 1876
887 1678
1469 1678
1678 2686
685 1876
685 887
685 1469
685 2686
887 1876
1469 1876
1876 2686
887 1469
887 2686
1469 2686
390 905
285 390
32 390
34 390
390 547
390 685
390 700
58 390
390 571
390 572
390 574
390 459
85 390
390 469
390 471
390 482
364 390
390 887
522 905
275 905
285 905
34 905
547 905
439 905
184 905
698 905
699 905
700 905
58 905
571 905
572 905
574 905
459 905
85 905
469 905
482 905
364 905
748 905
285 522
32 522
34 522
522 547
522 685
439 522
522 698
522 700
58 522
522 571
522 572
522 574
459 522
85 522
469 522
471 522
482 522
364 522
522 887
275 285
32 275
34 275
275 547
275 685
275 439
275 698
275 700
58 275
275 571
275 572
275 574
275 459
85 275
275 469
275 471
275 482
275 364
275 887
32 285
34 285
285 547
285 685
285 439
184 285
285 698
285 699
285 700
58 285
285 571
285 572
285 574
285 459
85 285
285 469
285 471
285 482
285 364
285 748
285 887
32 34
32 547
32 439
32 184
32 698
32 699
32 700
32 58
32 571
32 572
32 574
32 459
32 85
32 469
32 471
32 482
32 364
32 748
34 547
34 685
34 439
34 184
34 698
34 699
34 700
34 58
34 571
34 572
34 574
34 459
34 85
34 469
34 471
34 482
34 364
34 748
34 887
547 685
439 547
184 547
547 698
547 699
547 700
58 547
547 571
547 572
547 574
459 547
85 547
469 547
471 547
482 547
364 547
547 748
547 887
439 685
184 685
685 698
685 699
685 700
58 685
571 685
572 685
574 685
459 685
85 685
469 685
471 685
482 685
364 685
685 748
184 439
439 700
58 439
439 571
439 572
439 574
439 459
85 439
439 469
439 471
439 482
364 439
439 748
439 887
184 698
184 700
58 184
184 571
184 572
184 574
184 459
85 184
184 469
184 471
184 482
184 364
184 887
698 700
58 698
571 698
572 698
574 698
459 698
85 698
469 698
471 698
482 698
364 698
698 748
698 887
699 700
58 699
571 699
572 699
574 699
459 699
85 699
469 699
471 699
482 699
364 699
699 887
58 700
571 700
572 700
574 700
459 700
85 700
469 700
471 700
482 700
364 700
700 748
700 887
58 571
58 572
58 574
58 459
58 85
58 469
58 471
58 482
58 364
58 748
58 887
571 572
571 574
459 571
85 571
469 571
471 571
482 571
364 571
571 748
571 887
572 574
459 572
85 572
469 572
471 572
482 572
364 572
572 748
572 887
459 574
85 574
469 574
471 574
482 574
364 574
574 748
574 887
85 459
459 469
459 471
459 482
364 459
459 748
459 887
85 469
85 471
85 482
85 364
85 748
85 887
469 471
469 482
364 469
469 748
469 887
471 482
364 471
471 748
471 887
364 482
482 748
482 887
364 748
364 887
748 887
1079 2076
1079 3262
1079 1823
1823 3262
1080 1657
1080 1583
1583 1657
1314 1731
1314 1736
1314 1359
1080 1314
1314 1657
1731 1736
1359 1731
1080 1731
1657 1731
1359 1736
1080 1736
1657 1736
1080 1359
1359 1657
1081 1866
1081 1599
2243 2324
2243 3175
2324 3175
2243 2507
2324 2507
2507 3175
1083 1912
1373 1912
1083 1373
1083 1180
34 105
34 842
34 717
34 303
34 688
34 987
58 105
58 842
58 717
58 303
58 688
58 987
105 390
390 842
390 717
303 390
390 688
390 987
105 842
105 717
105 303
105 688
105 698
105 987
105 572
717 842
303 842
688 842
698 842
842 987
572 842
303 717
688 717
698 717
717 987
572 717
303 688
303 698
303 987
303 572
688 698
688 987
572 688
698 987
572 987
34 1586
34 1197
1197 1586
34 689
34 179
34 152
547 689
179 547
152 547
390 689
179 390
152 390
459 689
179 459
152 459
179 689
152 689
572 689
152 179
179 572
152 572
34 556
34 573
556 573
2245 3125
1086 1479
35 892
57 1392
1090 1392
57 1090
2246 3035
1092 1626
1626 1772
1092 1772
37 1724
278 1724
37 130
130 390
130 523
130 278
37 390
37 523
390 523
278 390
278 523
37 2858
278 2858
37 517
37 272
37 123
37 699
37 574
272 517
278 517
123 517
517 699
517 574
272 278
123 272
272 699
272 574
123 278
278 699
278 574
123 574
37 373
37 374
37 439
37 445
373 390
374 390
390 445
373 374
373 439
278 373
373 445
374 439
278 374
374 445
278 439
439 445
278 445
37 876
37 1677
37 218
876 1677
79 876
278 876
79 1677
278 1677
218 1677
79 218
218 278
1093 1977
1637 1977
1093 1637
2248 3195
2248 2733
2733 3195
1094 1108
39 644
488 644
298 644
644 886
644 919
39 488
39 298
39 886
39 919
298 488
488 886
488 919
298 886
298 919
886 919
416 418
230 416
40 416
144 416
416 822
230 418
40 418
144 418
418 822
40 230
144 230
230 822
40 144
40 822
144 822
40 410
40 631
230 410
410 631
230 631
230 620
230 623
230 624
40 620
40 623
40 624
620 623
620 624
623 624
1096 2052
1096 1709
1709 2052
323 1098
41 416
300 416
281 416
41 300
41 822
41 281
300 822
281 300
281 822
1100 2105
441 1528
1100 1528
1528 2105
441 1100
441 2105
1101 1972
1102 1959
354 1673
1102 1673
1673 1959
354 1102
354 1959
44 868
1103 1143
45 734
45 855
734 855
704 996
45 704
704 734
45 996
734 996
2258 2736
2590 2736
2258 2590
1106 1860
1273 1560
1106 1560
1106 1273
2259 2833
2724 2833
2833 3078
2259 2724
2259 3078
2724 3078
1812 2955
2955 2957
2263 2955
1812 2957
1812 2263
2263 2957
2264 3171
2264 2491
2491 3171
2265 2762
293 872
293 396
293 397
47 293
293 447
396 872
397 872
47 872
447 872
396 397
47 396
396 447
47 397
397 447
47 447
218 1114
218 2084
876 1114
876 2084
1114 2084
483 772
69 483
390 483
483 747
364 483
483 1004
483 976
483 977
51 483
439 483
69 772
390 772
747 772
364 772
772 1004
772 976
772 977
51 772
439 772
69 390
69 747
69 364
69 1004
69 976
69 977
51 69
69 439
390 747
390 1004
390 976
390 977
51 390
364 747
747 1004
747 976
747 977
51 747
439 747
364 1004
364 976
364 977
51 364
976 1004
977 1004
51 1004
439 1004
976 977
51 976
439 976
51 977
439 977
51 439
291 355
291 773
69 291
291 745
291 747
51 291
285 291
355 773
69 355
355 390
355 745
355 747
51 355
285 355
69 773
390 773
745 773
747 773
51 773
285 773
69 745
69 285
390 745
745 747
51 745
285 745
285 747
51 285
302 745
179 745
437 745
439 745
51 302
179 302
302 437
302 439
51 179
51 437
179 437
179 439
437 439
291 364
482 483
482 616
482 747
482 1004
482 1005
51 482
318 482
483 616
483 1005
483 698
318 483
318 390
616 747
364 616
616 1004
616 1005
51 616
318 616
747 1005
698 747
318 747
364 1005
318 364
1004 1005
698 1004
318 1004
51 1005
698 1005
318 1005
51 698
51 318
318 439
318 698
291 772
291 483
291 805
291 1004
272 291
291 976
291 977
291 437
291 439
291 408
772 805
745 772
272 772
437 772
408 772
699 772
69 805
69 272
69 437
69 408
69 699
390 805
272 390
390 437
390 408
483 805
483 745
272 483
437 483
408 483
483 699
745 805
747 805
364 805
805 1004
272 805
805 976
805 977
51 805
437 805
439 805
408 805
699 805
364 745
745 1004
272 745
745 976
745 977
408 745
699 745
272 747
437 747
408 747
699 747
272 364
364 437
364 408
272 1004
437 1004
408 1004
699 1004
272 976
272 977
51 272
272 437
272 439
272 408
437 976
408 976
699 976
437 977
408 977
699 977
51 408
51 699
408 437
437 699
408 439
408 699
483 608
390 608
332 608
51 608
87 608
439 608
318 608
332 483
87 483
332 390
87 390
51 332
87 332
332 439
318 332
51 87
87 439
87 318
53 309
2274 2664
1222 2664
1799 2664
1222 2274
1799 2274
1222 1799
1120 1818
1120 1206
1206 1818
1120 1606
1206 1606
1120 1560
1120 1256
1256 1560
1206 1560
1206 1256
362 972
362 524
55 362
524 972
55 524
56 1512
57 290
57 641
290 641
57 2034
2276 2843
86 2843
86 2276
422 443
60 422
443 469
60 469
184 443
60 184
60 443
61 943
673 801
390 673
673 905
297 673
673 1004
673 754
566 673
471 673
668 673
62 673
390 801
801 905
297 801
801 1004
754 801
566 801
471 801
668 801
62 801
297 390
390 754
390 566
390 668
62 390
297 905
905 1004
754 905
566 905
668 905
62 905
297 1004
297 754
297 566
297 668
62 297
754 1004
566 1004
471 1004
668 1004
62 1004
566 754
471 754
668 754
62 754
471 566
566 668
62 566
471 668
62 471
62 668
1128 1456
905 1129
1131 1883
1131 1884
1131 1646
1883 1884
1646 1883
1646 1884
64 682
64 795
682 795
64 279
279 682
64 704
64 643
64 203
64 498
643 704
682 704
203 704
498 704
643 682
203 643
498 643
203 682
498 682
203 498
64 866
64 612
64 488
64 115
64 600
612 866
488 866
682 866
115 866
600 866
488 612
612 682
115 612
600 612
488 682
115 488
488 600
115 682
600 682
115 600
65 291
65 266
65 566
65 88
266 291
291 566
88 291
266 566
88 266
88 566
67 105
67 987
67 830
390 830
105 998
987 998
830 998
105 830
830 987
1134 1542
1542 2006
1542 1655
1542 1916
1134 2006
1134 1655
1134 1916
1655 2006
1916 2006
1655 1916
1984 1986
867 1984
677 1984
678 1984
1135 1984
1720 1984
1984 2136
1630 1984
867 1986
677 1986
678 1986
1135 1986
1720 1986
1986 2136
1630 1986
678 867
867 1135
867 1720
867 2136
867 1630
677 678
677 1135
677 1720
677 2136
677 1630
678 1135
678 1720
678 2136
678 1630
1135 1720
1135 2136
1135 1630
1720 2136
1630 1720
1630 2136
201 1136
108 1136
1136 1577
108 201
201 1577
108 1577
1223 2049
2049 2121
1137 2049
1203 2049
1972 2049
1223 2121
1137 1223
1203 1223
1223 1972
1137 2121
1203 2121
1972 2121
1137 1203
1137 1972
1203 1972
2285 2615
1632 1633
1138 1632
1632 2168
441 1632
1632 1851
1138 1633
1633 2168
441 1633
1633 1851
1138 2168
441 1138
1138 1851
441 2168
1851 2168
441 1851
70 659
70 979
70 631
70 986
659 979
631 659
659 986
631 979
979 986
631 986
71 930
930 938
930 940
506 930
71 938
71 940
71 506
938 940
506 938
506 940
339 916
77 339
339 735
77 916
735 916
77 735
1145 1842
1145 1716
1716 1842
2299 2891
354 2299
1147 1743
1312 1354
79 1312
1312 1743
1312 1938
79 1354
1354 1743
1354 1938
79 1743
79 1938
1743 1938
79 272
79 364
79 390
79 1175
86 539
79 539
79 86
1148 1533
450 1148
450 1533
1150 1509
1150 1646
421 1150
1509 1646
421 1509
421 1646
1150 1506
353 1150
353 1646
353 1687
1646 1687
695 1151
2312 3147
2312 3150
3147 3150
84 495
349 390
522 1004
349 522
275 1004
85 1004
700 1004
349 1004
275 349
85 349
349 698
349 699
349 700
1153 1516
1153 1438
1438 1516
1153 1585
86 1634
263 1634
86 263
272 471
373 471
86 471
272 780
373 780
86 780
780 887
272 373
86 272
272 887
86 373
373 887
86 887
262 297
86 297
86 262
262 471
460 780
86 460
1158 1994
1158 1708
1158 2004
1158 2006
1708 1994
1994 2004
1994 2006
1708 2004
1708 2006
2004 2006
628 2004
628 1158
291 460
460 483
88 483
390 460
88 390
88 460
1678 1998
1678 1999
88 1678
1678 1850
1998 1999
887 1998
88 1998
1850 1998
887 1999
88 1999
1850 1999
887 1850
88 1850
1678 1976
887 1976
1850 1976
88 1976
1852 1880
1159 1880
1159 1852
1451 1573
1159 1451
1159 1573
1160 2083
89 788
89 546
89 986
546 986
2877 2878
2319 2877
2319 2878
218 2320
876 2320
876 2919
2509 2919
2320 2919
218 2919
876 2509
2320 2509
218 2509
2322 2613
2325 2595
1168 1707
1168 1751
1667 2328
1812 2948
1812 2332
2948 2955
2332 2955
2332 2948
1175 1905
1385 2174
1175 1385
1175 2174
1176 2969
2335 2832
1178 1944
1870 1944
1178 1870
99 264
99 396
99 814
99 847
99 816
99 764
264 396
264 814
264 847
264 816
264 764
396 814
396 847
396 816
396 764
814 847
814 816
764 814
816 847
764 847
764 816
1835 1838
1755 1838
1183 1838
1755 1835
1183 1835
1183 1755
1755 1834
1834 1838
1183 1834
378 2339
947 2339
102 179
102 780
725 876
876 2340
725 2340
218 992
876 992
992 2340
218 2340
104 589
104 691
589 691
1185 1944
1185 1870
1186 2050
1186 1461
1461 2050
2344 2552
2344 2624
2344 3228
2552 2624
2552 3228
2624 3228
2344 3293
3228 3293
2345 3269
201 514
201 838
108 514
514 838
108 838
201 1494
108 1494
1005 2347
1193 1966
1193 2050
1966 2050
2006 2050
1980 2050
2050 2110
2050 2111
1193 2006
1193 1980
1193 2110
1193 2111
1966 2006
1966 1980
1966 2110
1966 2111
1980 2006
2006 2110
2006 2111
1980 2110
1980 2111
2110 2111
281 389
110 281
110 389
2348 2598
390 391
113 390
364 391
113 391
391 439
113 364
113 439
821 3274
1858 3274
2351 3274
821 1858
821 2351
1858 2351
1202 1841
1203 2151
1203 1918
2357 2808
1209 1515
417 448
448 900
448 531
448 822
119 448
417 900
417 531
417 822
119 417
531 900
822 900
119 900
531 822
119 531
119 822
2360 2840
1498 2361
2361 2556
1521 2361
1521 2556
696 2362
2753 3012
2364 2753
2364 3012
121 816
643 816
121 643
121 814
643 814
390 561
439 561
123 561
561 699
1222 1541
1541 1799
1222 2847
1799 2847
673 2371
673 1001
1001 2371
672 1931
672 2374
1931 2374
2375 3071
2375 3212
2376 2573
243 328
328 916
328 661
126 328
243 916
243 661
126 243
126 916
126 661
1227 2623
130 2139
2378 2684
2378 2682
2682 2684
1230 1989
1241 1989
1727 1989
1230 1241
1230 1979
1241 1979
1241 1727
1727 1979
1633 2118
880 1633
1236 1633
880 2118
441 2118
880 1236
441 880
441 1236
144 817
141 144
418 817
141 817
141 418
144 417
417 418
416 417
2395 2866
146 731
146 493
493 731
325 1509
325 1701
149 325
150 325
325 917
325 637
1509 1701
149 1509
150 1509
917 1509
637 1509
149 1701
150 1701
917 1701
637 1701
149 150
149 917
149 637
150 917
150 637
637 917
1528 2139
1255 1528
1255 2139
429 993
993 1254
993 1919
429 1254
429 1919
1254 1919
801 1254
782 801
782 1254
1254 1580
1254 1277
1254 1366
1277 1580
1366 1580
1277 1366
1264 1642
1264 1416
1416 1642
167 608
608 640
608 799
167 640
167 799
640 799
170 615
170 1003
170 767
767 1003
1560 1860
1273 1860
616 1273
291 616
616 2686
291 1273
1273 2686
291 2686
2416 2721
2416 3262
2721 3262
172 505
505 1492
172 1492
173 838
383 838
672 2420
672 3165
672 3286
2420 3165
2420 3286
3165 3286
2422 3140
1279 1357
851 2426
2426 3119
851 3119
178 305
295 305
178 295
1474 1664
1664 2149
1664 1991
553 1664
1419 1664
1664 2064
1664 2161
1474 2149
1474 1991
553 1474
1419 1474
780 1474
1474 2064
1474 2161
179 1474
1991 2149
553 2149
1419 2149
780 2149
2064 2149
2149 2161
179 2149
553 1991
1419 1991
780 1991
1991 2064
1991 2161
179 1991
553 1419
553 780
553 2064
553 2161
179 553
780 1419
1419 2064
1419 2161
179 1419
780 2064
780 2161
2064 2161
179 2064
179 2161
3043 3267
2855 3043
2641 3043
183 3043
605 3043
2855 3267
2641 3267
183 3267
605 3267
2641 2855
183 2855
605 2855
183 2641
605 2641
183 605
452 993
381 993
183 993
381 452
183 452
183 381
184 1416
522 1416
275 1416
748 1460
748 1526
748 1464
1460 1526
1460 1464
184 1460
1464 1526
184 1526
184 1464
291 698
184 616
422 616
616 999
616 748
184 3253
616 714
522 616
390 1000
999 1000
616 998
554 616
616 1000
275 616
998 1000
522 1000
554 1000
714 1000
748 1000
275 1000
184 1000
699 1000
2434 3272
806 3272
806 2434
2438 2813
2711 2813
2438 2711
192 849
1291 1889
1382 1889
1889 1926
1291 1382
1291 1926
1382 1926
1292 1760
202 654
1297 1967
1297 1347
1297 1500
1347 1500
204 387
2448 2562
416 691
207 416
207 691
209 719
281 860
281 2455
860 2455
1307 3228
217 591
266 992
218 2976
876 2976
1310 1483
1516 2467
245 787
245 659
245 333
659 787
333 787
333 659
320 741
320 691
320 659
245 320
320 631
320 729
691 741
659 741
245 741
631 741
729 741
659 691
245 691
631 691
691 729
659 729
245 631
245 729
631 729
1338 2112
2050 2112
2005 2112
1338 2050
1338 2005
2005 2050
1343 1859
693 1343
1343 3183
693 1859
1859 3183
693 3183
291 517
262 291
291 553
291 905
291 428
291 538
390 517
262 517
517 553
517 905
428 517
364 517
517 538
262 390
390 553
390 428
390 538
262 553
262 905
262 428
262 364
262 538
553 905
428 553
364 553
538 553
428 905
538 905
364 428
428 538
364 538
352 2486
263 297
263 1004
263 471
263 2745
297 2745
1004 2745
471 2745
283 2105
263 2105
263 283
424 425
263 424
263 425
263 510
471 510
263 643
265 502
338 502
372 502
276 502
265 422
422 3122
372 422
422 445
265 3122
265 445
372 3122
445 3122
372 445
265 291
291 372
291 502
265 1004
372 1004
502 1004
265 664
372 664
664 1004
266 2669
1348 1353
1353 1903
1348 1903
2490 2696
269 1545
1352 1539
1352 1978
272 338
272 276
273 1420
273 705
273 855
705 1420
855 1420
705 855
273 432
274 643
338 901
338 902
276 901
276 902
901 902
338 581
276 581
338 1004
276 1004
279 2969
279 359
2550 3006
279 2550
279 3006
326 1509
280 1509
326 1701
280 326
326 637
280 1701
280 637
326 615
326 629
326 985
615 629
280 615
615 985
280 629
629 985
280 985
288 326
288 978
280 288
288 985
326 978
280 978
978 985
1363 1759
1797 1816
1366 1816
1366 1797
283 460
284 1710
390 444
373 444
285 373
374 444
285 374
439 444
285 444
444 445
285 445
291 504
504 547
285 504
291 547
285 2943
291 373
291 374
450 608
608 772
608 842
608 922
285 608
450 772
390 450
450 842
450 922
285 450
772 842
772 922
285 772
390 922
842 922
285 842
285 922
1368 1414
1368 1791
1414 1791
2499 2546
1374 1460
349 1374
286 544
673 1376
1001 1376
1376 1990
673 1990
1001 1990
348 520
520 846
287 520
348 846
287 348
287 846
287 337
287 2651
1381 1517
1381 2021
1517 2021
291 1000
291 608
364 608
462 608
291 462
291 799
390 462
390 799
364 462
439 462
462 799
439 799
291 684
390 598
291 598
291 609
390 609
364 609
556 609
291 556
390 556
364 556
291 525
525 547
291 639
639 799
291 707
291 709
707 709
390 707
483 707
707 799
390 709
483 709
709 799
483 799
291 804
291 302
772 804
302 772
804 805
302 805
390 804
302 390
745 804
747 804
364 804
302 804
699 804
302 747
302 364
302 699
291 3131
291 926
390 420
292 390
292 420
1382 2916
395 396
396 652
395 652
293 395
293 652
293 928
369 928
691 928
928 986
293 369
293 691
293 986
369 691
369 986
691 986
476 558
558 742
295 558
476 742
295 476
295 742
295 447
342 770
342 566
295 342
566 770
295 770
295 566
296 655
296 501
296 502
372 655
501 655
372 501
501 502
1386 1560
1560 3258
1386 3258
1388 1437
297 1456
1456 1457
471 1456
297 1457
471 1457
390 510
297 747
297 510
471 747
510 747
2720 3169
2720 3014
297 2720
373 2720
471 2720
3014 3169
297 3169
373 3169
471 3169
297 3014
373 3014
471 3014
297 373
1391 1853
2514 2979
2515 3134
517 1956
745 1956
364 1956
302 1956
373 1956
438 1956
699 1956
668 1956
669 1956
517 745
302 517
373 517
438 517
517 668
517 669
373 745
438 745
668 745
669 745
364 373
364 438
364 668
364 669
302 373
302 438
302 668
302 669
373 438
373 699
373 668
373 669
438 699
438 668
438 669
668 699
669 699
668 669
2521 2726
1406 1657
1406 1731
1731 1735
1731 1737
1584 1731
1735 1736
1735 1737
1584 1735
1657 1735
1406 1735
1736 1737
1584 1736
1406 1736
1584 1737
1657 1737
1406 1737
1584 1657
1406 1584
1657 1985
1731 1985
1406 1985
1406 1408
1731 1732
1406 1732
1996 1997
1407 1996
1407 1997
865 1413
865 1675
865 1421
865 1519
865 1848
1413 1675
1413 1421
1413 1519
1413 1848
1421 1675
1519 1675
1675 1848
1421 1519
1421 1848
1519 1848
365 2525
332 2528
311 2530
1416 1481
1416 2105
1481 2105
769 1416
905 1416
1416 2157
769 2157
905 2157
312 313
312 314
313 314
2531 3020
316 410
410 982
316 982
2535 3125
481 482
481 483
390 481
481 616
481 747
364 481
481 1005
439 481
318 481
610 715
610 716
370 610
319 610
715 716
370 715
319 715
370 716
319 716
319 370
1420 3124
1420 3107
855 3107
1420 1771
1704 2050
1503 2050
1423 1704
1704 1980
1503 1704
1423 1980
1423 1503
1503 1980
2000 2049
1423 2000
1423 2049
1424 1753
1424 1949
1424 1752
1753 1949
1752 1753
1752 1949
1426 1450
323 848
1858 2545
1859 2545
2545 3103
1858 1859
1858 3103
1859 3103
329 643
643 916
329 2591
330 416
1435 1530
337 846
2553 2784
2784 2785
2784 3031
2553 2785
2553 3031
2785 3031
339 1857
810 2559
343 932
344 2571
769 2053
769 1454
1454 2053
1827 2052
1827 2054
1709 1827
1455 1827
1827 1878
2052 2054
1455 2052
1878 2052
1709 2054
1455 2054
1878 2054
1455 1709
1709 1878
1455 1878
615 2574
1550 2025
1456 2025
1588 2025
1749 2025
1456 1550
1550 1588
1550 1749
1456 1588
1456 1749
1588 1749
862 1458
522 1460
1648 1706
628 1648
1461 1648
628 1706
1461 1706
628 1461
753 1461
1461 2006
1461 2110
348 629
348 375
375 629
348 981
354 2579
354 416
416 2579
354 2580
1589 2052
1463 2052
1463 1589
349 616
629 848
375 848
848 985
350 848
350 629
375 985
350 375
350 985
1465 1770
1465 1918
1770 1918
352 354
354 2586
354 781
781 2586
354 2584
2584 2586
2585 2586
363 765
363 390
390 765
483 547
547 926
483 926
390 926
364 926
439 926
799 1004
483 517
439 517
390 521
364 521
521 698
521 699
521 799
698 799
699 799
608 773
608 946
483 773
483 946
772 773
772 946
364 773
773 946
390 946
364 946
853 2592
2594 2595
370 1870
1473 1601
373 2669
373 763
897 2599
378 1851
2600 2998
2600 3087
2998 3087
1525 1660
1479 1660
1479 1525
2010 2011
1479 2010
1879 2010
1479 2011
1879 2011
1479 1879
2603 2652
2603 2704
953 969
381 953
381 969
381 798
1842 1843
1493 1842
1493 1843
2616 2618
2614 2616
2614 2618
2616 2619
386 618
386 794
618 932
794 932
584 618
584 794
618 654
618 794
654 794
753 788
389 753
388 753
389 788
388 788
388 389
389 973
389 756
389 767
389 3020
616 1001
1001 1004
390 1001
390 440
414 554
439 554
390 414
414 439
390 658
390 456
456 927
390 927
390 582
390 963
439 963
390 681
698 927
390 541
390 897
390 873
673 960
437 960
390 960
437 673
665 768
390 768
768 968
390 665
665 968
390 968
390 447
390 407
390 441
391 483
392 2651
400 401
400 3185
401 3185
400 403
400 404
400 693
401 403
401 404
401 693
403 404
403 693
404 693
401 916
693 916
404 3183
404 631
405 1511
406 738
409 661
409 847
661 847
1501 1877
410 509
410 659
410 492
492 659
410 564
413 2868
416 496
416 472
472 496
416 530
530 822
416 659
416 631
419 822
422 1898
1507 1912
1509 1673
429 1710
429 1512
1512 1710
1512 1957
429 1957
1710 1957
1681 1957
1512 1681
429 1681
1681 1710
782 2640
2643 2644
432 433
855 2646
434 938
434 847
847 938
502 699
439 502
2657 2658
441 2657
441 2658
1528 1690
441 1690
441 1801
1801 2658
1528 2995
441 2995
1528 3210
2169 3021
3021 3305
2654 3021
2169 3305
2169 2654
2654 3305
763 800
447 800
447 763
450 773
1537 2136
677 1537
905 2668
1540 1861
1543 2774
1667 1796
1662 1667
1543 1796
828 1796
1662 1796
1543 1662
828 1662
460 3156
1549 1903
591 1549
795 2678
471 2894
2688 2689
1553 1831
474 862
474 1631
862 1631
477 853
1562 1646
2699 3107
855 2699
486 847
487 488
487 644
612 643
643 644
487 643
488 643
612 644
487 612
488 611
487 611
488 601
488 832
488 663
601 832
601 663
663 832
488 831
601 831
488 613
612 613
488 834
612 834
2700 3058
2702 3085
490 745
698 745
745 763
490 747
490 698
490 763
747 763
698 763
2705 2863
2705 3286
2705 3185
2863 3286
2863 3185
3185 3286
493 631
495 731
495 659
495 666
712 995
495 995
657 995
691 995
788 995
979 995
986 995
495 712
657 712
691 712
712 788
712 979
712 986
495 657
495 691
495 788
495 979
495 986
657 691
657 788
657 979
657 986
691 788
691 979
788 979
788 986
495 743
659 743
631 743
731 743
495 631
659 731
631 731
2813 3244
2711 3244
2711 3020
506 817
506 847
847 940
506 722
507 1628
2713 3256
1580 2827
1582 1929
521 522
1831 1863
1004 1831
1005 1831
1586 1831
1004 1863
1005 1863
1586 1863
1004 1586
1005 1586
1589 1590
1592 1594
1592 1692
1594 1692
1602 3037
2731 3124
531 814
531 791
791 814
2739 2982
1690 2742
1618 2002
1619 1918
739 2745
1622 1924
1625 1810
1706 2009
1626 2009
1626 1706
2752 2820
544 1630
547 616
574 616
1634 3207
1636 2034
1637 1638
1638 2083
2759 2823
1640 1694
553 3174
905 3174
887 3174
891 3174
553 887
553 891
891 905
887 891
553 3208
553 1850
553 2081
905 2081
556 2894
564 857
847 857
564 847
3040 3041
566 3040
566 3041
1652 1856
571 2923
698 2923
574 2923
616 646
646 698
572 646
574 646
575 646
572 616
575 616
575 698
572 575
574 575
577 612
2777 3007
1680 1731
1680 2135
1731 2135
587 809
643 809
809 814
587 643
587 814
681 2790
1683 1839
1683 1878
1989 2795
591 615
1689 1908
595 847
1691 1815
753 980
596 753
596 980
2805 2806
606 2855
1699 1804
1702 2049
1705 1820
1706 2006
715 1706
2832 3161
612 847
613 644
615 3234
619 1004
619 1005
2839 3107
620 621
620 625
621 623
621 624
621 625
623 625
624 625
847 848
659 847
847 979
631 847
847 986
659 848
848 979
631 848
848 986
1716 1729
1717 1729
1716 1717
1717 1888
1722 2069
816 866
643 866
814 866
643 850
661 850
643 661
643 848
643 847
643 996
646 2148
647 898
647 691
2031 2865
2874 3220
654 860
1927 2022
1928 2022
1786 2022
1756 2022
1927 1928
1786 1927
1756 1927
1786 1928
1756 1928
1756 1786
2878 3046
656 731
1762 1924
1762 1910
1910 1924
718 937
659 937
661 937
662 937
856 937
659 718
661 718
662 718
718 856
659 661
659 662
659 856
661 662
661 856
662 856
659 660
660 849
847 849
660 847
660 986
660 788
661 948
661 837
661 908
663 781
727 768
665 727
1767 1768
1770 1771
678 954
1780 1787
691 814
691 847
1782 1935
1789 2927
795 1792
1793 2048
2929 3019
2930 3043
704 994
704 751
994 996
751 994
751 996
2934 3270
1798 2107
2936 3170
1806 2145
1809 1977
2953 2956
2955 3173
716 3186
1906 2049
1819 2049
1819 1906
2976 3303
729 737
729 942
729 847
737 942
737 847
847 942
736 737
730 736
730 737
2981 3138
2984 2985
2983 2984
2983 2985
1847 2022
1915 2022
1847 1927
1915 1927
1847 1928
1915 1928
1847 1915
1848 3124
1851 3008
1852 2018
2996 3232
750 847
753 3155
758 760
759 760
758 759
1869 1919
1873 1920
3032 3259
767 822
960 3041
956 1893
3051 3052
1901 2080
2049 2050
1903 2049
2033 2049
1980 2049
1903 2050
2033 2050
1903 2033
1903 1980
1980 2033
3065 3067
1906 3123
933 1003
806 1003
806 933
3081 3084
1913 2142
814 848
1916 2050
1918 2098
1918 2049
2049 2077
2049 2159
1918 2077
2077 2159
1918 2159
3095 3096
1925 2049
822 979
822 847
3100 3102
3106 3178
1929 3123
846 850
847 966
847 916
847 912
853 2049
862 1968
1972 2160
862 2160
862 1972
1970 1971
1970 2019
1971 2019
3146 3147
3146 3149
3147 3149
3147 3148
3147 3151
3148 3149
3148 3150
3148 3151
3149 3150
3149 3151
3150 3151
874 3155
2006 2109
2008 2056
3167 3290
3168 3290
3167 3168
892 893
946 2031
3188 3189
909 3273
2046 2169
2048 2049
3202 3204
2055 2145
2085 2089
2100 2101
3240 3281
940 941
3260 3261
3267 3268
2130 2131
963 2130
963 2131
980 994
989 994
980 989
2166 2169
