0 953 1
0 384 1
0 323 1
0 173 1
0 383 1
323 384 1
173 384 1
383 384 1
173 323 1
323 383 1
173 383 3
0 86 1
0 691 1
0 271 1
271 691 1
0 290 1
0 540 1
290 540 1
1 291 1
1 422 1
1 390 1
1 522 1
1 714 1
1 748 1
1 275 1
1 699 1
1 28 1
291 422 2
291 390 16
291 522 2
291 714 3
291 748 3
275 291 2
291 699 4
28 291 2
390 422 4
422 522 7
422 714 6
422 748 8
275 422 7
422 699 6
28 422 7
390 522 7
390 714 5
390 748 6
275 390 7
390 699 18
28 390 3
522 714 9
522 748 10
275 522 12
522 699 9
28 522 5
714 748 10
275 714 8
699 714 7
28 714 5
275 748 9
699 748 9
28 748 6
275 699 8
28 275 5
28 699 5
1 289 1
1 646 1
1 295 1
1 905 1
1 266 1
1 780 1
1 429 1
1 430 1
1 78 1
1 876 1
1 533 1
1 534 1
1 471 1
1 505 1
1 218 1
1 284 1
1 862 2
1 31 1
289 646 1
289 295 1
289 905 1
266 289 1
289 780 1
289 429 1
289 430 1
78 289 1
289 876 1
289 533 1
289 534 1
289 471 1
289 505 1
218 289 1
284 289 1
289 862 1
31 289 1
295 646 1
646 905 1
266 646 1
646 780 6
429 646 1
430 646 1
78 646 1
646 876 1
533 646 1
534 646 1
471 646 1
505 646 1
218 646 1
284 646 1
646 862 1
31 646 2
295 905 1
266 295 1
295 780 1
295 429 1
295 430 1
78 295 1
295 876 1
295 533 1
295 534 1
295 471 1
295 505 1
218 295 1
284 295 1
295 862 1
31 295 2
266 905 5
780 905 2
429 905 1
430 905 1
78 905 1
876 905 1
533 905 1
534 905 1
471 905 3
505 905 1
218 905 1
284 905 1
862 905 2
31 905 1
266 780 2
266 429 1
266 430 1
78 266 1
266 876 2
266 533 1
266 534 1
266 471 1
266 505 1
218 266 2
266 284 1
266 862 1
31 266 2
429 780 1
430 780 1
78 780 1
780 876 1
533 780 1
534 780 1
471 780 3
505 780 1
218 780 1
284 780 1
780 862 1
31 780 2
429 430 1
78 429 1
429 876 1
429 533 1
429 534 1
429 471 1
429 505 1
218 429 1
284 429 1
429 862 1
31 429 1
78 430 1
430 876 1
430 533 1
430 534 1
430 471 1
430 505 1
218 430 1
284 430 1
430 862 1
31 430 1
78 876 1
78 533 2
78 534 1
78 471 1
78 505 2
78 218 1
78 284 1
78 862 2
31 78 1
533 876 1
534 876 1
471 876 1
505 876 1
218 876 10
284 876 1
862 876 1
31 876 2
533 534 1
471 533 1
505 533 2
218 533 1
284 533 1
533 862 2
31 533 1
471 534 1
505 534 1
218 534 1
284 534 1
534 862 1
31 534 1
471 505 2
218 471 1
284 471 1
471 862 1
31 471 3
218 505 1
284 505 1
505 862 2
31 505 1
218 284 1
218 862 1
31 218 2
284 862 1
31 284 1
31 862 1
1 1850 1
1 1129 1
862 1850 2
1129 1850 1
862 1129 2
1011 2007 1
1011 2040 2
2 3151 1
648 2865 1
648 1012 1
1012 2865 1
1012 1349 1
1013 1500 2
1500 1725 2
1013 1725 4
1013 1545 1
1545 1725 1
1058 1445 1
1058 2118 1
1058 1801 1
1058 1236 1
1013 1058 1
1046 1058 1
1058 1500 2
1058 1725 1
1445 2118 1
1445 1801 1
1236 1445 1
1013 1445 1
1046 1445 1
1445 1500 1
1445 1725 1
1801 2118 1
1236 2118 2
1013 2118 1
1046 2118 1
1500 2118 1
1725 2118 1
1236 1801 1
1013 1801 1
1046 1801 1
1500 1801 1
1725 1801 1
1013 1236 1
1046 1236 1
1236 1500 1
1236 1725 1
1013 1046 1
1046 1500 1
1046 1725 1
1380 1744 3
1733 1744 1
1014 1744 2
1380 1733 1
1014 1380 2
1014 1733 1
1014 1059 2
1059 1380 2
1059 1680 2
1059 1744 2
1380 1680 2
1680 1744 2
1014 1680 1
1058 1088 1
1088 1891 1
1088 1219 1
1088 1860 1
1067 1088 1
1070 1088 1
1015 1088 1
1088 1396 1
1088 1687 1
441 1088 1
1088 1242 1
1088 1500 1
1088 1150 1
1058 1891 1
1058 1219 1
1058 1860 1
1058 1067 1
1058 1070 1
1015 1058 1
1058 1396 1
1058 1687 1
441 1058 1
1058 1242 1
1058 1150 1
1219 1891 1
1860 1891 1
1067 1891 1
1070 1891 1
1015 1891 2
1396 1891 1
1687 1891 1
441 1891 1
1242 1891 1
1500 1891 1
1150 1891 1
1219 1860 1
1067 1219 1
1070 1219 1
1015 1219 1
1219 1396 1
1219 1687 1
441 1219 1
1219 1242 1
1219 1500 1
1150 1219 1
1067 1860 1
1070 1860 1
1015 1860 1
1396 1860 1
1687 1860 1
441 1860 1
1242 1860 1
1500 1860 1
1150 1860 1
1067 1070 1
1015 1067 1
1067 1396 1
1067 1687 1
441 1067 1
1067 1242 1
1067 1500 1
1067 1150 1
1015 1070 1
1070 1396 1
1070 1687 1
441 1070 1
1070 1242 1
1070 1500 1
1070 1150 1
1015 1396 1
1015 1687 1
441 1015 1
1015 1242 1
1015 1500 1
1015 1150 1
1396 1687 1
441 1396 1
1242 1396 1
1396 1500 1
1150 1396 1
441 1687 1
1242 1687 1
1500 1687 1
1150 1687 3
441 1242 1
441 1500 1
441 1150 1
1242 1500 1
1150 1242 2
1150 1500 1
1444 1891 1
1478 1891 1
1083 1891 1
1444 1478 2
1015 1444 2
1083 1444 2
1015 1478 2
1083 1478 2
1015 1083 3
1439 1444 1
1439 1478 1
1015 1439 1
1083 1439 1
1083 1397 1
1015 1397 1
79 2183 1
32 685 6
32 2183 1
685 2183 1
460 2183 1
1016 1620 1
3 295 1
3 749 1
3 304 1
3 819 1
3 503 1
3 120 1
295 749 1
295 304 1
295 819 1
295 503 1
120 295 1
304 749 1
749 819 1
503 749 1
120 749 1
304 819 1
304 503 1
120 304 1
503 819 1
120 819 1
120 503 1
2184 2306 2
2184 2261 2
2261 2306 2
2185 3042 1
2185 2812 1
2812 3042 1
1017 1624 1
978 1624 1
1549 1624 1
978 1017 1
1017 1549 1
978 1549 1
326 1017 1
4 739 1
294 739 1
4 294 1
646 2091 1
646 1019 1
30 646 4
780 2091 1
1019 2091 1
30 2091 1
780 1019 1
30 780 8
30 1019 1
5 97 3
97 329 2
97 274 2
97 916 3
97 661 2
5 329 3
5 274 2
5 916 2
5 661 4
274 329 2
329 916 3
329 661 4
274 916 2
274 661 4
661 916 3
63 97 1
5 63 1
1021 1896 1
6 643 2
1024 1077 1
514 867 1
514 677 1
8 514 1
44 514 1
14 514 1
270 514 1
431 514 1
308 514 1
341 514 1
514 925 1
478 514 1
677 867 2
8 867 1
44 867 1
14 867 1
270 867 1
431 867 1
308 867 1
341 867 1
867 925 1
478 867 1
8 677 1
44 677 1
14 677 1
270 677 1
431 677 1
308 677 1
341 677 1
677 925 1
478 677 1
8 44 1
8 14 1
8 270 1
8 431 1
8 308 2
8 341 1
8 925 1
8 478 1
14 44 1
44 270 1
44 431 1
44 308 1
44 341 1
44 925 1
44 478 1
14 270 1
14 431 1
14 308 1
14 341 1
14 925 1
14 478 1
270 431 1
270 308 1
270 341 1
270 925 1
270 478 1
308 431 1
341 431 1
431 925 1
431 478 1
308 341 1
308 925 1
308 478 1
341 925 1
341 478 1
478 925 1
1634 2105 1
1029 2105 1
1695 2105 1
1029 1634 1
1634 1695 2
1029 1695 1
1029 1401 1
1029 1538 1
1141 1538 1
1538 1911 1
1029 1141 1
1029 1911 1
1141 1911 1
1941 2128 1
1030 2128 1
1030 1941 1
1794 2003 1
1031 1794 1
1794 1930 1
1031 2003 1
1930 2003 1
1031 1930 1
961 1645 1
961 1031 1
1031 1645 1
1031 1488 1
9 568 1
568 583 1
9 583 1
385 386 1
385 387 1
385 932 2
385 933 1
385 584 2
9 385 1
385 654 1
385 847 1
386 387 1
386 932 2
386 933 1
386 584 2
9 386 1
386 654 2
386 847 1
387 932 1
387 933 1
387 584 1
9 387 1
387 654 1
387 847 1
932 933 1
584 932 3
9 932 1
654 932 2
847 932 1
584 933 1
9 933 2
654 933 1
847 933 1
9 584 1
584 654 2
584 847 1
9 654 1
9 847 1
654 847 1
9 290 1
9 33 1
33 290 1
9 753 1
9 398 1
9 824 1
824 933 1
158 824 1
9 158 1
158 933 1
11 434 1
11 204 1
1033 1946 1
1033 1363 1
1033 2014 2
1363 1946 1
1946 2014 1
1363 2014 1
1033 2015 1
1035 1054 1
1037 1615 1
1037 1040 2
1411 1475 1
1037 1411 1
1040 1411 1
1042 1411 1
1047 1411 1
1037 1475 1
1040 1475 1
1042 1475 1
1047 1475 1
1037 1042 1
1037 1047 1
1040 1042 1
1040 1047 1
1042 1047 1
972 2196 2
2196 2901 1
55 2196 1
972 2901 1
55 972 2
55 2901 1
1769 1776 2
1090 1776 3
1038 1776 3
1090 1769 2
1038 1769 2
1038 1090 3
1090 1924 1
1090 1107 1
1090 1174 1
1038 1924 1
1776 1924 1
1107 1924 1
1174 1924 1
1038 1107 1
1038 1174 1
1107 1776 1
1174 1776 1
1107 1174 3
57 1038 4
57 2119 1
1038 2119 1
57 1047 2
1038 1047 1
57 1636 2
1038 1636 1
1850 1937 1
862 1937 1
1039 1937 1
1039 1850 1
862 1039 1
1040 1599 2
1040 1371 1
1040 1076 1
1076 1371 1
1371 1599 1
1076 1599 1
1041 1307 1
1041 1475 1
1041 1119 1
1307 1475 1
1119 1307 1
1119 1475 1
1543 1667 3
1667 2202 2
79 1667 2
1667 3153 1
1667 3028 2
1667 3162 1
828 1667 2
1543 2202 2
79 1543 2
1543 3153 1
1543 3028 2
1543 3162 1
828 1543 2
79 2202 3
2202 3153 1
2202 3028 4
2202 3162 1
828 2202 1
79 3153 1
79 3028 3
79 3162 1
79 828 1
3028 3153 1
3153 3162 1
828 3153 1
3028 3162 1
828 3028 1
828 3162 1
1279 1664 1
1664 1895 2
1006 1664 1
882 1664 1
179 1664 3
1664 3028 1
887 1664 1
88 1664 1
1664 2202 1
31 1664 1
1279 1895 1
1006 1279 1
882 1279 1
179 1279 1
1279 3028 1
887 1279 1
88 1279 1
1279 2202 1
31 1279 1
1006 1895 1
882 1895 1
179 1895 2
1895 3028 1
887 1895 1
88 1895 1
1895 2202 1
31 1895 1
882 1006 1
179 1006 1
1006 3028 1
887 1006 1
88 1006 1
1006 2202 1
31 1006 1
179 882 1
882 3028 1
882 887 1
88 882 1
882 2202 1
31 882 1
179 3028 1
179 887 1
88 179 1
179 2202 1
31 179 4
887 3028 1
88 3028 1
31 3028 1
88 887 4
887 2202 1
31 887 1
88 2202 1
31 88 1
31 2202 1
34 609 1
609 1667 1
37 609 1
609 1543 1
462 609 1
79 609 2
609 3028 2
278 609 1
609 2202 2
34 1667 1
34 37 1
34 1543 1
34 462 1
34 79 1
34 3028 1
34 278 1
34 2202 1
37 1667 1
462 1667 1
278 1667 1
37 1543 1
37 462 1
37 79 2
37 3028 1
37 278 7
37 2202 1
462 1543 1
278 1543 1
79 462 1
462 3028 1
278 462 1
462 2202 1
79 278 2
278 3028 1
278 2202 1
1042 1615 1
1043 1634 5
1634 2139 1
1043 2139 1
1043 1695 1
1695 2139 1
1634 1894 1
1351 1634 1
1116 1634 2
1351 1894 1
1043 1894 1
1116 1894 1
1043 1351 1
1116 1351 1
1043 1116 2
1481 1634 1
1043 1481 1
1116 1481 1
1044 1892 1
1045 1470 8
1705 2080 1
1045 2080 3
1470 2080 3
1045 1705 1
1470 1705 1
1916 2080 1
1045 1916 1
1470 1916 1
1470 1886 1
1045 1886 1
1870 1886 1
1470 1870 1
1045 1870 1
2002 2080 1
1045 2002 2
1470 2002 2
1542 2050 1
1423 2050 3
1045 2050 1
1143 2050 1
1470 2050 1
1423 1542 1
1045 1542 1
1143 1542 1
1470 1542 1
1045 1423 1
1143 1423 1
1423 1470 1
1045 1143 1
1143 1470 1
1045 2003 1
1470 2003 1
1125 2657 2
1902 2657 2
1046 2657 2
1532 2657 2
1125 1902 2
1046 1125 3
1125 1532 2
1046 1902 2
1532 1902 2
1046 1532 3
1532 2658 1
1046 2658 1
1125 1690 1
1046 1690 1
1047 1599 1
1047 2034 1
1775 2034 1
1047 1775 1
2206 3099 1
172 1050 1
1050 1524 2
172 1524 2
1050 1057 1
1057 1787 1
1057 1524 1
1050 1787 1
1524 1787 1
12 502 1
12 655 1
502 655 2
12 1740 1
12 364 1
364 799 4
12 799 1
1636 1890 1
1253 1890 1
57 1890 1
1051 1890 1
1253 1636 1
1051 1636 1
57 1253 1
1051 1253 1
57 1051 1
1707 2210 1
2210 3085 1
1707 3085 1
969 2210 1
969 1063 1
1063 2210 1
1055 1066 3
13 691 1
16 497 1
16 822 1
16 472 1
16 542 1
497 822 1
472 497 1
497 542 1
472 822 1
542 822 1
472 542 1
1634 2213 1
2214 3235 1
18 604 1
18 847 1
604 847 1
20 663 1
1060 1864 1
100 934 1
100 679 1
100 390 1
100 551 1
100 1005 1
21 100 1
100 439 1
679 934 1
390 934 1
551 934 1
934 1005 1
21 934 1
439 934 1
390 679 1
551 679 1
679 1005 1
21 679 1
439 679 1
390 551 1
390 1005 3
21 390 1
390 439 26
551 1005 1
21 551 1
439 551 1
21 1005 1
439 1005 3
21 439 1
390 698 11
22 698 2
22 390 4
390 1008 1
22 1008 1
422 554 2
22 422 1
522 554 3
22 522 1
275 554 3
22 554 1
22 275 1
22 598 1
390 616 6
268 390 1
123 390 2
390 701 1
390 766 1
268 616 1
616 699 6
22 616 1
439 616 3
616 698 8
123 616 1
616 701 1
616 766 1
268 699 1
22 268 1
268 439 1
268 698 1
123 268 1
268 701 1
268 766 1
22 699 1
439 699 5
698 699 7
123 699 3
699 701 1
699 766 1
22 439 1
22 123 1
22 701 1
22 766 1
439 698 3
123 439 2
439 701 1
439 766 1
123 698 1
698 701 1
698 766 1
123 701 1
123 766 1
701 766 1
2219 2489 1
738 2242 1
2242 3080 1
441 2242 1
2221 2242 1
2242 2745 1
31 2242 1
738 3080 1
441 738 1
738 2221 1
738 2745 1
31 738 1
441 3080 1
2221 3080 1
2745 3080 1
31 3080 1
441 2221 1
441 2745 1
31 441 1
2221 2745 2
31 2221 1
31 2745 1
23 53 1
23 855 1
24 297 1
24 471 1
297 471 8
769 903 1
263 769 2
769 905 6
266 769 1
460 769 1
24 769 1
263 903 1
903 905 1
266 903 1
460 903 1
24 903 1
263 905 2
263 266 1
263 460 1
24 263 1
460 905 1
24 905 1
266 460 1
24 266 1
24 460 1
24 378 1
99 164 1
99 518 1
99 423 1
99 552 1
99 588 1
24 99 1
164 518 1
164 423 1
164 552 1
164 588 1
24 164 1
423 518 1
518 552 1
518 588 1
24 518 1
423 552 1
423 588 1
24 423 1
552 588 1
24 552 1
24 588 1
1063 1707 1
2222 2566 1
1064 1764 1
1764 1900 1
1230 1764 1
795 1764 1
1764 1918 1
1727 1764 1
1064 1900 1
1064 1230 1
795 1064 1
1064 1918 1
1064 1727 1
1230 1900 1
795 1900 1
1900 1918 1
1727 1900 1
795 1230 1
1230 1918 1
1230 1727 4
795 1918 1
795 1727 1
1727 1918 1
265 296 2
296 461 2
296 338 2
276 296 2
296 372 3
296 505 1
25 296 2
265 461 2
265 338 4
265 276 4
265 372 7
265 505 1
25 265 3
338 461 2
276 461 2
372 461 2
461 505 1
25 461 2
276 338 11
338 372 4
338 505 1
25 338 3
276 372 4
276 505 1
25 276 3
372 505 1
25 372 3
25 505 1
25 888 1
296 561 1
296 537 1
265 561 1
265 537 1
338 561 1
276 561 1
372 561 1
537 561 1
25 561 1
338 537 1
276 537 1
372 537 1
25 537 1
25 291 1
2224 2558 1
2224 3022 1
2558 3022 2
27 940 1
1065 2027 1
739 1568 2
1226 1568 2
1068 1568 2
592 1568 1
739 1226 2
739 1068 2
592 739 1
1068 1226 2
592 1226 1
592 1068 1
32 1568 1
32 739 1
32 615 1
32 392 1
32 1226 1
32 1068 1
615 1568 1
392 1568 1
685 1568 1
615 739 1
392 739 1
685 739 1
392 615 1
615 1226 1
615 1068 1
615 685 1
392 1226 1
392 1068 1
392 685 1
685 1226 1
685 1068 1
2232 3033 1
2232 3202 3
3033 3202 1
2232 3057 1
2232 2540 1
3057 3202 1
2540 3057 1
2540 3202 1
2232 2322 1
2322 3202 1
2233 2591 1
339 2233 1
1071 1733 1
67 422 2
67 999 2
67 390 2
67 998 3
67 522 2
67 714 2
67 748 2
28 67 2
67 275 2
67 184 1
67 699 2
67 956 1
422 999 6
422 998 3
184 422 4
422 956 2
390 999 4
998 999 6
522 999 7
714 999 8
748 999 10
28 999 4
275 999 7
184 999 4
699 999 6
956 999 1
390 998 4
184 390 5
390 956 1
522 998 4
714 998 5
748 998 6
28 998 3
275 998 4
184 998 3
699 998 4
956 998 1
184 522 6
522 956 1
184 714 4
714 956 1
184 748 7
748 956 1
28 184 2
28 956 2
184 275 5
275 956 1
184 699 6
184 956 1
699 956 1
291 999 2
291 998 2
291 554 1
48 291 1
184 291 2
291 442 1
48 422 1
422 442 1
554 999 2
48 999 1
442 999 1
390 554 3
48 390 1
390 442 1
554 998 2
48 998 1
442 998 1
48 522 1
442 522 1
554 714 2
554 748 2
48 554 1
184 554 3
442 554 1
554 699 2
28 554 1
48 714 1
442 714 1
48 748 1
442 748 1
48 275 1
48 184 1
48 442 1
48 699 1
28 48 1
275 442 1
184 442 1
442 699 1
28 442 1
469 956 1
28 469 1
422 469 2
1431 2236 1
780 2148 1
30 2148 1
780 1788 1
30 1788 1
646 1766 1
1740 1766 1
780 1766 1
179 1766 1
30 1766 1
31 1766 1
646 1740 1
179 646 2
780 1740 1
179 1740 1
30 1740 1
31 1740 1
179 780 5
30 179 3
30 31 1
646 1383 1
646 1649 1
567 646 1
780 1383 1
1383 1649 2
179 1383 1
567 1383 1
30 1383 1
780 1649 1
567 780 1
179 1649 1
567 1649 1
30 1649 1
179 567 1
30 567 1
780 2066 1
1165 2066 1
30 2066 1
780 1165 1
30 1165 1
780 1664 2
30 1664 1
780 1895 1
30 1895 1
1374 1989 1
646 1374 1
780 1374 1
1374 1979 1
30 1374 1
646 1989 1
780 1989 1
1979 1989 2
30 1989 1
646 1979 1
780 1979 1
30 1979 1
179 1073 1
1073 1220 1
471 1073 1
179 1220 1
179 471 1
471 1220 3
29 793 4
792 793 2
29 792 2
793 1708 1
29 1708 1
179 266 1
218 1863 1
876 1863 1
31 1863 1
31 1357 1
31 1667 1
2082 2083 1
31 2082 1
31 2083 1
1075 1387 1
1075 1220 1
471 1075 1
1220 1387 1
471 1387 1
1078 1613 1
1078 1599 1
32 768 1
32 2081 1
685 768 1
768 2081 2
685 2081 1
32 769 2
32 2494 1
32 2278 1
32 905 3
32 2669 1
32 1678 1
32 1876 2
32 887 3
32 1469 1
32 2686 2
769 2494 1
769 2278 1
769 2669 1
769 1678 1
685 769 2
769 1876 2
769 887 2
769 1469 1
769 2686 2
2278 2494 4
905 2494 2
2494 2669 1
1678 2494 3
685 2494 1
1876 2494 1
887 2494 1
1469 2494 1
2494 2686 1
905 2278 2
2278 2669 1
1678 2278 3
685 2278 1
1876 2278 1
887 2278 1
1469 2278 1
2278 2686 1
905 2669 2
905 1678 1
685 905 3
905 1876 2
887 905 4
905 1469 1
905 2686 2
1678 2669 1
685 2669 1
1876 2669 1
887 2669 1
1469 2669 1
2669 2686 1
685 1678 1
1678 1876 1
887 1678 3
1469 1678 1
1678 2686 1
685 1876 2
685 887 3
685 1469 1
685 2686 2
887 1876 2
1469 1876 1
1876 2686 2
887 1469 1
887 2686 2
1469 2686 1
390 905 3
285 390 5
32 390 1
34 390 3
390 547 5
390 685 1
390 700 2
58 390 2
390 571 2
390 572 3
390 574 1
390 459 2
85 390 2
390 469 1
390 471 3
390 482 3
364 390 26
390 887 1
522 905 1
275 905 1
285 905 1
34 905 1
547 905 1
439 905 1
184 905 1
698 905 1
699 905 1
700 905 1
58 905 1
571 905 1
572 905 1
574 905 1
459 905 1
85 905 1
469 905 1
482 905 1
364 905 2
748 905 1
285 522 1
32 522 1
34 522 1
522 547 1
522 685 1
439 522 1
522 698 2
522 700 2
58 522 1
522 571 1
522 572 1
522 574 1
459 522 1
85 522 2
469 522 1
471 522 1
482 522 1
364 522 1
522 887 1
275 285 1
32 275 1
34 275 1
275 547 1
275 685 1
275 439 1
275 698 2
275 700 2
58 275 1
275 571 1
275 572 1
275 574 1
275 459 1
85 275 2
275 469 1
275 471 1
275 482 1
275 364 1
275 887 1
32 285 1
34 285 1
285 547 2
285 685 1
285 439 3
184 285 1
285 698 1
285 699 1
285 700 1
58 285 1
285 571 1
285 572 1
285 574 1
285 459 1
85 285 1
285 469 1
285 471 1
285 482 1
285 364 1
285 748 1
285 887 1
32 34 1
32 547 1
32 439 1
32 184 1
32 698 1
32 699 1
32 700 1
32 58 1
32 571 1
32 572 1
32 574 1
32 459 1
32 85 1
32 469 1
32 471 1
32 482 1
32 364 1
32 748 1
34 547 2
34 685 1
34 439 1
34 184 1
34 698 2
34 699 2
34 700 2
34 58 2
34 571 1
34 572 3
34 574 1
34 459 2
34 85 2
34 469 1
34 471 1
34 482 1
34 364 1
34 748 1
34 887 1
547 685 1
439 547 4
184 547 1
547 698 2
547 699 1
547 700 1
58 547 1
547 571 1
547 572 2
547 574 2
459 547 2
85 547 1
469 547 1
471 547 1
482 547 1
364 547 4
547 748 1
547 887 1
439 685 1
184 685 1
685 698 1
685 699 1
685 700 1
58 685 1
571 685 1
572 685 1
574 685 1
459 685 1
85 685 1
469 685 1
471 685 1
482 685 1
364 685 1
685 748 1
184 439 1
439 700 1
58 439 2
439 571 1
439 572 1
439 574 1
439 459 1
85 439 1
439 469 1
439 471 1
439 482 3
364 439 18
439 748 1
439 887 1
184 698 2
184 700 1
58 184 1
184 571 1
184 572 1
184 574 1
184 459 1
85 184 1
184 469 2
184 471 1
184 482 1
184 364 1
184 887 1
698 700 2
58 698 2
571 698 2
572 698 3
574 698 4
459 698 1
85 698 2
469 698 1
471 698 1
482 698 2
364 698 3
698 748 1
698 887 1
699 700 3
58 699 1
571 699 1
572 699 1
574 699 2
459 699 1
85 699 3
469 699 1
471 699 1
482 699 1
364 699 5
699 887 1
58 700 1
571 700 1
572 700 1
574 700 1
459 700 1
85 700 3
469 700 1
471 700 1
482 700 1
364 700 1
700 748 1
700 887 1
58 571 1
58 572 2
58 574 1
58 459 1
58 85 1
58 469 1
58 471 1
58 482 1
58 364 2
58 748 1
58 887 1
571 572 1
571 574 2
459 571 1
85 571 1
469 571 1
471 571 1
482 571 1
364 571 2
571 748 1
571 887 1
572 574 2
459 572 2
85 572 1
469 572 1
471 572 1
482 572 1
364 572 1
572 748 1
572 887 1
459 574 1
85 574 1
469 574 1
471 574 1
482 574 1
364 574 1
574 748 1
574 887 1
85 459 1
459 469 1
459 471 1
459 482 1
364 459 1
459 748 1
459 887 1
85 469 1
85 471 1
85 482 1
85 364 1
85 748 1
85 887 1
469 471 1
469 482 1
364 469 1
469 748 1
469 887 1
471 482 1
364 471 1
471 748 1
471 887 2
364 482 3
482 748 1
482 887 1
364 748 1
364 887 1
748 887 1
1079 2076 1
1079 3262 2
1079 1823 1
1823 3262 1
1080 1657 2
1080 1583 1
1583 1657 1
1314 1731 1
1314 1736 1
1314 1359 1
1080 1314 1
1314 1657 1
1731 1736 4
1359 1731 1
1080 1731 1
1657 1731 8
1359 1736 1
1080 1736 1
1657 1736 4
1080 1359 1
1359 1657 1
1081 1866 1
1081 1599 1
2243 2324 2
2243 3175 2
2324 3175 2
2243 2507 1
2324 2507 1
2507 3175 1
1083 1912 1
1373 1912 1
1083 1373 1
1083 1180 1
34 105 1
34 842 1
34 717 1
34 303 1
34 688 1
34 987 1
58 105 1
58 842 1
58 717 1
58 303 1
58 688 1
58 987 1
105 390 2
390 842 2
390 717 1
303 390 1
390 688 1
390 987 2
105 842 1
105 717 1
105 303 1
105 688 1
105 698 1
105 987 2
105 572 1
717 842 1
303 842 1
688 842 1
698 842 1
842 987 1
572 842 1
303 717 1
688 717 1
698 717 1
717 987 1
572 717 1
303 688 2
303 698 1
303 987 1
303 572 2
688 698 1
688 987 1
572 688 2
698 987 1
572 987 1
34 1586 1
34 1197 1
1197 1586 1
34 689 1
34 179 1
34 152 1
547 689 1
179 547 1
152 547 1
390 689 1
179 390 1
152 390 1
459 689 1
179 459 1
152 459 1
179 689 1
152 689 1
572 689 1
152 179 1
179 572 1
152 572 1
34 556 1
34 573 1
556 573 2
2245 3125 3
1086 1479 1
35 892 1
57 1392 1
1090 1392 1
57 1090 1
2246 3035 1
1092 1626 1
1626 1772 1
1092 1772 1
37 1724 1
278 1724 1
37 130 1
130 390 1
130 523 1
130 278 1
37 390 2
37 523 1
390 523 1
278 390 2
278 523 1
37 2858 1
278 2858 1
37 517 1
37 272 1
37 123 1
37 699 1
37 574 1
272 517 1
278 517 1
123 517 1
517 699 2
517 574 1
272 278 1
123 272 1
272 699 2
272 574 1
123 278 1
278 699 1
278 574 1
123 574 1
37 373 1
37 374 1
37 439 1
37 445 1
373 390 3
374 390 3
390 445 2
373 374 3
373 439 3
278 373 1
373 445 2
374 439 3
278 374 1
374 445 2
278 439 1
439 445 2
278 445 1
37 876 1
37 1677 1
37 218 1
876 1677 1
79 876 1
278 876 1
79 1677 1
278 1677 1
218 1677 1
79 218 1
218 278 1
1093 1977 1
1637 1977 1
1093 1637 1
2248 3195 1
2248 2733 1
2733 3195 2
1094 1108 2
39 644 1
488 644 3
298 644 1
644 886 1
644 919 1
39 488 1
39 298 1
39 886 1
39 919 1
298 488 1
488 886 1
488 919 1
298 886 1
298 919 2
886 919 1
416 418 2
230 416 1
40 416 1
144 416 2
416 822 4
230 418 1
40 418 1
144 418 4
418 822 1
40 230 7
144 230 1
230 822 1
40 144 1
40 822 1
144 822 1
40 410 1
40 631 1
230 410 1
410 631 2
230 631 1
230 620 1
230 623 1
230 624 2
40 620 1
40 623 1
40 624 2
620 623 2
620 624 2
623 624 2
1096 2052 1
1096 1709 1
1709 2052 2
323 1098 1
41 416 1
300 416 1
281 416 2
41 300 1
41 822 1
41 281 1
300 822 1
281 300 1
281 822 2
1100 2105 2
441 1528 3
1100 1528 1
1528 2105 1
441 1100 1
441 2105 1
1101 1972 1
1102 1959 2
354 1673 1
1102 1673 1
1673 1959 1
354 1102 1
354 1959 1
44 868 1
1103 1143 1
45 734 2
45 855 1
734 855 1
704 996 2
45 704 1
704 734 1
45 996 1
734 996 1
2258 2736 1
2590 2736 2
2258 2590 1
1106 1860 1
1273 1560 2
1106 1560 1
1106 1273 1
2259 2833 1
2724 2833 1
2833 3078 1
2259 2724 1
2259 3078 1
2724 3078 1
1812 2955 2
2955 2957 1
2263 2955 1
1812 2957 1
1812 2263 1
2263 2957 2
2264 3171 1
2264 2491 1
2491 3171 1
2265 2762 1
293 872 2
293 396 3
293 397 2
47 293 2
293 447 2
396 872 2
397 872 2
47 872 2
447 872 2
396 397 2
47 396 2
396 447 2
47 397 2
397 447 2
47 447 2
218 1114 1
218 2084 1
876 1114 1
876 2084 1
1114 2084 1
483 772 3
69 483 2
390 483 13
483 747 4
364 483 10
483 1004 3
483 976 2
483 977 2
51 483 4
439 483 11
69 772 2
390 772 6
747 772 5
364 772 6
772 1004 2
772 976 2
772 977 2
51 772 2
439 772 3
69 390 3
69 747 3
69 364 2
69 1004 2
69 976 2
69 977 2
51 69 3
69 439 2
390 747 9
390 1004 6
390 976 2
390 977 2
51 390 6
364 747 8
747 1004 3
747 976 2
747 977 2
51 747 4
439 747 5
364 1004 4
364 976 2
364 977 2
51 364 4
976 1004 2
977 1004 2
51 1004 3
439 1004 4
976 977 2
51 976 2
439 976 2
51 977 2
439 977 2
51 439 5
291 355 1
291 773 1
69 291 2
291 745 3
291 747 3
51 291 3
285 291 3
355 773 1
69 355 1
355 390 1
355 745 1
355 747 1
51 355 1
285 355 1
69 773 1
390 773 3
745 773 1
747 773 1
51 773 1
285 773 1
69 745 2
69 285 1
390 745 5
745 747 7
51 745 3
285 745 1
285 747 1
51 285 1
302 745 5
179 745 1
437 745 2
439 745 3
51 302 1
179 302 1
302 437 1
302 439 2
51 179 1
51 437 2
179 437 1
179 439 1
437 439 2
291 364 7
482 483 2
482 616 2
482 747 2
482 1004 1
482 1005 2
51 482 1
318 482 2
483 616 2
483 1005 2
483 698 1
318 483 3
318 390 3
616 747 2
364 616 2
616 1004 2
616 1005 2
51 616 1
318 616 2
747 1005 2
698 747 2
318 747 2
364 1005 2
318 364 2
1004 1005 3
698 1004 2
318 1004 1
51 1005 1
698 1005 1
318 1005 2
51 698 1
51 318 2
318 439 3
318 698 1
291 772 2
291 483 3
291 805 2
291 1004 2
272 291 1
291 976 1
291 977 1
291 437 1
291 439 4
291 408 1
772 805 3
745 772 4
272 772 1
437 772 1
408 772 1
699 772 2
69 805 1
69 272 1
69 437 1
69 408 1
69 699 1
390 805 3
272 390 2
390 437 2
390 408 1
483 805 1
483 745 1
272 483 1
437 483 1
408 483 1
483 699 1
745 805 3
747 805 3
364 805 3
805 1004 1
272 805 1
805 976 1
805 977 1
51 805 1
437 805 1
439 805 2
408 805 1
699 805 2
364 745 6
745 1004 1
272 745 1
745 976 1
745 977 1
408 745 1
699 745 3
272 747 1
437 747 1
408 747 1
699 747 2
272 364 2
364 437 1
364 408 1
272 1004 1
437 1004 1
408 1004 1
699 1004 2
272 976 1
272 977 1
51 272 1
272 437 1
272 439 1
272 408 1
437 976 1
408 976 1
699 976 1
437 977 1
408 977 1
699 977 1
51 408 1
51 699 1
408 437 1
437 699 1
408 439 1
408 699 1
483 608 2
390 608 5
332 608 1
51 608 1
87 608 1
439 608 2
318 608 1
332 483 1
87 483 1
332 390 1
87 390 1
51 332 1
87 332 1
332 439 1
318 332 1
51 87 1
87 439 1
87 318 1
53 309 1
2274 2664 1
1222 2664 1
1799 2664 1
1222 2274 1
1799 2274 1
1222 1799 3
1120 1818 2
1120 1206 5
1206 1818 2
1120 1606 1
1206 1606 1
1120 1560 1
1120 1256 1
1256 1560 1
1206 1560 1
1206 1256 1
362 972 1
362 524 1
55 362 1
524 972 1
55 524 1
56 1512 1
57 290 1
57 641 1
290 641 1
57 2034 1
2276 2843 1
86 2843 1
86 2276 1
422 443 1
60 422 1
443 469 1
60 469 1
184 443 1
60 184 1
60 443 1
61 943 1
673 801 1
390 673 2
673 905 1
297 673 1
673 1004 1
673 754 1
566 673 1
471 673 1
668 673 1
62 673 1
390 801 1
801 905 1
297 801 1
801 1004 1
754 801 1
566 801 1
471 801 1
668 801 1
62 801 1
297 390 2
390 754 1
390 566 1
390 668 1
62 390 1
297 905 1
905 1004 1
754 905 1
566 905 1
668 905 1
62 905 1
297 1004 2
297 754 1
297 566 1
297 668 1
62 297 1
754 1004 1
566 1004 1
471 1004 2
668 1004 1
62 1004 1
566 754 1
471 754 1
668 754 1
62 754 1
471 566 1
566 668 1
62 566 1
471 668 1
62 471 1
62 668 1
1128 1456 1
905 1129 1
1131 1883 1
1131 1884 1
1131 1646 1
1883 1884 1
1646 1883 1
1646 1884 1
64 682 4
64 795 1
682 795 1
64 279 1
279 682 1
64 704 1
64 643 1
64 203 1
64 498 1
643 704 1
682 704 1
203 704 1
498 704 1
643 682 1
203 643 1
498 643 1
203 682 1
498 682 1
203 498 1
64 866 1
64 612 1
64 488 1
64 115 1
64 600 1
612 866 1
488 866 1
682 866 1
115 866 1
600 866 1
488 612 4
612 682 1
115 612 1
600 612 1
488 682 1
115 488 1
488 600 1
115 682 1
600 682 1
115 600 2
65 291 1
65 266 1
65 566 1
65 88 1
266 291 1
291 566 1
88 291 2
266 566 1
88 266 1
88 566 1
67 105 1
67 987 1
67 830 1
390 830 1
105 998 1
987 998 1
830 998 1
105 830 1
830 987 1
1134 1542 1
1542 2006 1
1542 1655 1
1542 1916 1
1134 2006 1
1134 1655 1
1134 1916 1
1655 2006 1
1916 2006 1
1655 1916 1
1984 1986 1
867 1984 1
677 1984 1
678 1984 1
1135 1984 1
1720 1984 1
1984 2136 1
1630 1984 1
867 1986 1
677 1986 1
678 1986 1
1135 1986 1
1720 1986 1
1986 2136 1
1630 1986 1
678 867 1
867 1135 1
867 1720 1
867 2136 1
867 1630 1
677 678 3
677 1135 1
677 1720 1
677 2136 2
677 1630 1
678 1135 1
678 1720 1
678 2136 1
678 1630 1
1135 1720 1
1135 2136 1
1135 1630 1
1720 2136 1
1630 1720 1
1630 2136 1
201 1136 1
108 1136 1
1136 1577 1
108 201 3
201 1577 1
108 1577 1
1223 2049 1
2049 2121 1
1137 2049 1
1203 2049 1
1972 2049 1
1223 2121 1
1137 1223 1
1203 1223 1
1223 1972 1
1137 2121 1
1203 2121 1
1972 2121 1
1137 1203 1
1137 1972 1
1203 1972 1
2285 2615 1
1632 1633 1
1138 1632 2
1632 2168 2
441 1632 2
1632 1851 2
1138 1633 1
1633 2168 1
441 1633 3
1633 1851 1
1138 2168 2
441 1138 2
1138 1851 2
441 2168 2
1851 2168 2
441 1851 2
70 659 1
70 979 1
70 631 1
70 986 1
659 979 2
631 659 8
659 986 3
631 979 2
979 986 3
631 986 5
71 930 1
930 938 1
930 940 1
506 930 1
71 938 1
71 940 1
71 506 1
938 940 2
506 938 2
506 940 2
339 916 1
77 339 1
339 735 1
77 916 1
735 916 2
77 735 1
1145 1842 1
1145 1716 1
1716 1842 1
2299 2891 1
354 2299 1
1147 1743 1
1312 1354 1
79 1312 1
1312 1743 1
1312 1938 1
79 1354 1
1354 1743 1
1354 1938 1
79 1743 1
79 1938 1
1743 1938 1
79 272 1
79 364 1
79 390 1
79 1175 1
86 539 1
79 539 1
79 86 1
1148 1533 2
450 1148 1
450 1533 1
1150 1509 1
1150 1646 2
421 1150 1
1509 1646 1
421 1509 1
421 1646 1
1150 1506 1
353 1150 1
353 1646 1
353 1687 1
1646 1687 1
695 1151 2
2312 3147 1
2312 3150 1
3147 3150 2
84 495 1
349 390 1
522 1004 1
349 522 1
275 1004 1
85 1004 1
700 1004 1
349 1004 1
275 349 1
85 349 1
349 698 3
349 699 2
349 700 1
1153 1516 2
1153 1438 2
1438 1516 2
1153 1585 1
86 1634 1
263 1634 1
86 263 2
272 471 2
373 471 2
86 471 3
272 780 1
373 780 1
86 780 3
780 887 1
272 373 1
86 272 1
272 887 1
86 373 1
373 887 1
86 887 1
262 297 2
86 297 1
86 262 1
262 471 2
460 780 1
86 460 1
1158 1994 1
1158 1708 1
1158 2004 3
1158 2006 2
1708 1994 1
1994 2004 1
1994 2006 1
1708 2004 1
1708 2006 1
2004 2006 2
628 2004 1
628 1158 1
291 460 1
460 483 1
88 483 1
390 460 1
88 390 1
88 460 1
1678 1998 1
1678 1999 1
88 1678 3
1678 1850 2
1998 1999 1
887 1998 1
88 1998 1
1850 1998 1
887 1999 1
88 1999 1
1850 1999 1
887 1850 4
88 1850 3
1678 1976 1
887 1976 1
1850 1976 1
88 1976 1
1852 1880 1
1159 1880 1
1159 1852 1
1451 1573 1
1159 1451 1
1159 1573 1
1160 2083 1
89 788 1
89 546 1
89 986 1
546 986 1
2877 2878 2
2319 2877 1
2319 2878 1
218 2320 2
876 2320 2
876 2919 1
2509 2919 1
2320 2919 1
218 2919 1
876 2509 1
2320 2509 1
218 2509 1
2322 2613 1
2325 2595 1
1168 1707 1
1168 1751 1
1667 2328 1
1812 2948 1
1812 2332 1
2948 2955 1
2332 2955 1
2332 2948 1
1175 1905 1
1385 2174 1
1175 1385 1
1175 2174 2
1176 2969 1
2335 2832 1
1178 1944 1
1870 1944 2
1178 1870 1
99 264 1
99 396 1
99 814 1
99 847 1
99 816 1
99 764 1
264 396 1
264 814 1
264 847 1
264 816 1
264 764 1
396 814 1
396 847 1
396 816 1
396 764 1
814 847 3
814 816 3
764 814 1
816 847 1
764 847 1
764 816 1
1835 1838 1
1755 1838 2
1183 1838 2
1755 1835 1
1183 1835 1
1183 1755 2
1755 1834 1
1834 1838 1
1183 1834 1
378 2339 1
947 2339 1
102 179 1
102 780 1
725 876 1
876 2340 2
725 2340 1
218 992 2
876 992 2
992 2340 1
218 2340 1
104 589 4
104 691 1
589 691 1
1185 1944 1
1185 1870 1
1186 2050 1
1186 1461 1
1461 2050 1
2344 2552 1
2344 2624 1
2344 3228 2
2552 2624 1
2552 3228 1
2624 3228 1
2344 3293 1
3228 3293 1
2345 3269 1
201 514 1
201 838 1
108 514 1
514 838 1
108 838 1
201 1494 1
108 1494 1
1005 2347 1
1193 1966 2
1193 2050 1
1966 2050 1
2006 2050 1
1980 2050 4
2050 2110 1
2050 2111 1
1193 2006 1
1193 1980 1
1193 2110 1
1193 2111 1
1966 2006 1
1966 1980 1
1966 2110 1
1966 2111 1
1980 2006 1
2006 2110 2
2006 2111 1
1980 2110 1
1980 2111 1
2110 2111 1
281 389 1
110 281 1
110 389 1
2348 2598 1
390 391 1
113 390 1
364 391 1
113 391 1
391 439 1
113 364 1
113 439 1
821 3274 1
1858 3274 1
2351 3274 1
821 1858 1
821 2351 1
1858 2351 1
1202 1841 1
1203 2151 1
1203 1918 1
2357 2808 1
1209 1515 1
417 448 1
448 900 1
448 531 1
448 822 1
119 448 1
417 900 1
417 531 1
417 822 1
119 417 1
531 900 1
822 900 1
119 900 1
531 822 1
119 531 1
119 822 1
2360 2840 1
1498 2361 1
2361 2556 1
1521 2361 1
1521 2556 1
696 2362 1
2753 3012 1
2364 2753 1
2364 3012 1
121 816 1
643 816 2
121 643 1
121 814 1
643 814 6
390 561 1
439 561 1
123 561 1
561 699 1
1222 1541 1
1541 1799 1
1222 2847 1
1799 2847 1
673 2371 1
673 1001 2
1001 2371 1
672 1931 1
672 2374 1
1931 2374 1
2375 3071 1
2375 3212 2
2376 2573 1
243 328 1
328 916 1
328 661 1
126 328 1
243 916 1
243 661 1
126 243 1
126 916 1
126 661 1
1227 2623 1
130 2139 1
2378 2684 2
2378 2682 2
2682 2684 2
1230 1989 1
1241 1989 1
1727 1989 1
1230 1241 1
1230 1979 1
1241 1979 1
1241 1727 1
1727 1979 1
1633 2118 1
880 1633 2
1236 1633 1
880 2118 1
441 2118 1
880 1236 1
441 880 2
441 1236 1
144 817 1
141 144 1
418 817 1
141 817 1
141 418 1
144 417 1
417 418 1
416 417 1
2395 2866 1
146 731 1
146 493 1
493 731 1
325 1509 2
325 1701 2
149 325 2
150 325 2
325 917 2
325 637 2
1509 1701 6
149 1509 2
150 1509 2
917 1509 5
637 1509 6
149 1701 2
150 1701 2
917 1701 5
637 1701 6
149 150 2
149 917 2
149 637 2
150 917 2
150 637 2
637 917 5
1528 2139 1
1255 1528 1
1255 2139 1
429 993 1
993 1254 1
993 1919 1
429 1254 1
429 1919 1
1254 1919 1
801 1254 1
782 801 1
782 1254 1
1254 1580 1
1254 1277 1
1254 1366 1
1277 1580 1
1366 1580 1
1277 1366 1
1264 1642 1
1264 1416 1
1416 1642 1
167 608 1
608 640 1
608 799 2
167 640 1
167 799 1
640 799 1
170 615 1
170 1003 1
170 767 1
767 1003 1
1560 1860 1
1273 1860 1
616 1273 1
291 616 3
616 2686 1
291 1273 1
1273 2686 1
291 2686 1
2416 2721 1
2416 3262 1
2721 3262 1
172 505 1
505 1492 1
172 1492 1
173 838 2
383 838 2
672 2420 1
672 3165 1
672 3286 1
2420 3165 1
2420 3286 1
3165 3286 1
2422 3140 1
1279 1357 1
851 2426 1
2426 3119 1
851 3119 2
178 305 3
295 305 3
178 295 3
1474 1664 1
1664 2149 1
1664 1991 1
553 1664 1
1419 1664 1
1664 2064 1
1664 2161 1
1474 2149 1
1474 1991 1
553 1474 1
1419 1474 1
780 1474 1
1474 2064 2
1474 2161 1
179 1474 1
1991 2149 1
553 2149 1
1419 2149 1
780 2149 1
2064 2149 1
2149 2161 1
179 2149 1
553 1991 1
1419 1991 1
780 1991 1
1991 2064 1
1991 2161 1
179 1991 1
553 1419 1
553 780 1
553 2064 1
553 2161 1
179 553 1
780 1419 1
1419 2064 1
1419 2161 1
179 1419 1
780 2064 1
780 2161 1
2064 2161 1
179 2064 1
179 2161 1
3043 3267 1
2855 3043 1
2641 3043 2
183 3043 2
605 3043 1
2855 3267 1
2641 3267 1
183 3267 1
605 3267 1
2641 2855 1
183 2855 1
605 2855 1
183 2641 2
605 2641 1
183 605 1
452 993 1
381 993 1
183 993 1
381 452 1
183 452 1
183 381 1
184 1416 1
522 1416 1
275 1416 1
748 1460 1
748 1526 1
748 1464 1
1460 1526 1
1460 1464 1
184 1460 1
1464 1526 1
184 1526 1
184 1464 1
291 698 1
184 616 4
422 616 1
616 999 4
616 748 5
184 3253 1
616 714 3
522 616 2
390 1000 1
999 1000 4
616 998 3
554 616 1
616 1000 3
275 616 1
998 1000 3
522 1000 2
554 1000 1
714 1000 3
748 1000 4
275 1000 2
184 1000 1
699 1000 1
2434 3272 1
806 3272 1
806 2434 1
2438 2813 1
2711 2813 2
2438 2711 1
192 849 1
1291 1889 1
1382 1889 1
1889 1926 1
1291 1382 1
1291 1926 1
1382 1926 1
1292 1760 2
202 654 1
1297 1967 2
1297 1347 1
1297 1500 1
1347 1500 1
204 387 1
2448 2562 1
416 691 1
207 416 1
207 691 1
209 719 1
281 860 1
281 2455 1
860 2455 1
1307 3228 1
217 591 1
266 992 1
218 2976 1
876 2976 1
1310 1483 1
1516 2467 1
245 787 1
245 659 2
245 333 1
659 787 1
333 787 1
333 659 1
320 741 1
320 691 1
320 659 1
245 320 1
320 631 1
320 729 1
691 741 1
659 741 1
245 741 1
631 741 1
729 741 1
659 691 1
245 691 1
631 691 1
691 729 1
659 729 1
245 631 1
245 729 1
631 729 1
1338 2112 1
2050 2112 1
2005 2112 1
1338 2050 1
1338 2005 1
2005 2050 1
1343 1859 1
693 1343 1
1343 3183 1
693 1859 1
1859 3183 1
693 3183 2
291 517 1
262 291 1
291 553 1
291 905 1
291 428 1
291 538 1
390 517 2
262 517 1
517 553 1
517 905 1
428 517 1
364 517 3
517 538 1
262 390 1
390 553 1
390 428 1
390 538 1
262 553 1
262 905 1
262 428 1
262 364 1
262 538 1
553 905 3
428 553 1
364 553 1
538 553 1
428 905 1
538 905 1
364 428 1
428 538 1
364 538 1
352 2486 1
263 297 1
263 1004 1
263 471 2
263 2745 1
297 2745 1
1004 2745 1
471 2745 1
283 2105 1
263 2105 1
263 283 1
424 425 1
263 424 1
263 425 1
263 510 1
471 510 2
263 643 1
265 502 2
338 502 1
372 502 3
276 502 1
265 422 1
422 3122 1
372 422 1
422 445 1
265 3122 1
265 445 1
372 3122 1
445 3122 1
372 445 1
265 291 1
291 372 1
291 502 1
265 1004 2
372 1004 2
502 1004 1
265 664 1
372 664 1
664 1004 1
266 2669 1
1348 1353 1
1353 1903 1
1348 1903 1
2490 2696 1
269 1545 1
1352 1539 1
1352 1978 1
272 338 1
272 276 1
273 1420 1
273 705 1
273 855 1
705 1420 1
855 1420 3
705 855 1
273 432 1
274 643 1
338 901 2
338 902 1
276 901 2
276 902 1
901 902 1
338 581 1
276 581 1
338 1004 1
276 1004 1
279 2969 1
279 359 1
2550 3006 1
279 2550 1
279 3006 1
326 1509 1
280 1509 1
326 1701 1
280 326 3
326 637 1
280 1701 1
280 637 1
326 615 1
326 629 1
326 985 2
615 629 1
280 615 1
615 985 1
280 629 1
629 985 2
280 985 2
288 326 1
288 978 1
280 288 1
288 985 1
326 978 1
280 978 1
978 985 1
1363 1759 1
1797 1816 1
1366 1816 1
1366 1797 1
283 460 1
284 1710 1
390 444 1
373 444 1
285 373 2
374 444 1
285 374 2
439 444 1
285 444 1
444 445 1
285 445 1
291 504 1
504 547 1
285 504 1
291 547 2
285 2943 1
291 373 1
291 374 1
450 608 1
608 772 2
608 842 1
608 922 1
285 608 1
450 772 1
390 450 1
450 842 1
450 922 1
285 450 1
772 842 1
772 922 1
285 772 1
390 922 1
842 922 1
285 842 1
285 922 1
1368 1414 3
1368 1791 1
1414 1791 1
2499 2546 1
1374 1460 2
349 1374 1
286 544 1
673 1376 1
1001 1376 1
1376 1990 1
673 1990 1
1001 1990 1
348 520 1
520 846 1
287 520 1
348 846 1
287 348 1
287 846 1
287 337 1
287 2651 1
1381 1517 3
1381 2021 1
1517 2021 1
291 1000 1
291 608 1
364 608 2
462 608 1
291 462 1
291 799 3
390 462 1
390 799 4
364 462 1
439 462 1
462 799 1
439 799 3
291 684 1
390 598 2
291 598 1
291 609 1
390 609 1
364 609 1
556 609 1
291 556 1
390 556 1
364 556 1
291 525 1
525 547 1
291 639 1
639 799 1
291 707 1
291 709 1
707 709 1
390 707 1
483 707 1
707 799 1
390 709 1
483 709 1
709 799 2
483 799 1
291 804 1
291 302 1
772 804 2
302 772 3
804 805 1
302 805 2
390 804 1
302 390 2
745 804 2
747 804 2
364 804 2
302 804 2
699 804 1
302 747 3
302 364 4
302 699 2
291 3131 1
291 926 1
390 420 1
292 390 1
292 420 1
1382 2916 1
395 396 1
396 652 1
395 652 1
293 395 1
293 652 1
293 928 1
369 928 1
691 928 1
928 986 1
293 369 1
293 691 1
293 986 1
369 691 1
369 986 1
691 986 2
476 558 1
558 742 1
295 558 1
476 742 1
295 476 1
295 742 1
295 447 1
342 770 1
342 566 1
295 342 1
566 770 1
295 770 1
295 566 1
296 655 1
296 501 1
296 502 1
372 655 1
501 655 1
372 501 1
501 502 1
1386 1560 1
1560 3258 1
1386 3258 1
1388 1437 1
297 1456 1
1456 1457 1
471 1456 1
297 1457 1
471 1457 1
390 510 1
297 747 1
297 510 1
471 747 1
510 747 1
2720 3169 1
2720 3014 1
297 2720 1
373 2720 1
471 2720 1
3014 3169 1
297 3169 1
373 3169 2
471 3169 1
297 3014 1
373 3014 1
471 3014 1
297 373 1
1391 1853 1
2514 2979 1
2515 3134 1
517 1956 1
745 1956 1
364 1956 1
302 1956 1
373 1956 1
438 1956 1
699 1956 1
668 1956 1
669 1956 1
517 745 1
302 517 1
373 517 1
438 517 1
517 668 1
517 669 1
373 745 1
438 745 1
668 745 1
669 745 1
364 373 1
364 438 1
364 668 1
364 669 1
302 373 1
302 438 1
302 668 1
302 669 1
373 438 1
373 699 1
373 668 1
373 669 1
438 699 1
438 668 1
438 669 1
668 699 1
669 699 1
668 669 1
2521 2726 1
1406 1657 6
1406 1731 9
1731 1735 4
1731 1737 3
1584 1731 1
1735 1736 2
1735 1737 3
1584 1735 1
1657 1735 4
1406 1735 4
1736 1737 2
1584 1736 1
1406 1736 2
1584 1737 1
1657 1737 3
1406 1737 3
1584 1657 1
1406 1584 1
1657 1985 1
1731 1985 2
1406 1985 1
1406 1408 1
1731 1732 3
1406 1732 1
1996 1997 1
1407 1996 1
1407 1997 1
865 1413 2
865 1675 3
865 1421 2
865 1519 1
865 1848 1
1413 1675 2
1413 1421 1
1413 1519 1
1413 1848 1
1421 1675 2
1519 1675 1
1675 1848 1
1421 1519 1
1421 1848 1
1519 1848 1
365 2525 1
332 2528 1
311 2530 1
1416 1481 1
1416 2105 1
1481 2105 1
769 1416 3
905 1416 2
1416 2157 1
769 2157 1
905 2157 1
312 313 1
312 314 1
313 314 1
2531 3020 1
316 410 1
410 982 1
316 982 1
2535 3125 1
481 482 1
481 483 1
390 481 1
481 616 1
481 747 1
364 481 1
481 1005 1
439 481 1
318 481 1
610 715 1
610 716 1
370 610 1
319 610 1
715 716 1
370 715 1
319 715 1
370 716 1
319 716 1
319 370 1
1420 3124 1
1420 3107 1
855 3107 2
1420 1771 1
1704 2050 1
1503 2050 1
1423 1704 1
1704 1980 1
1503 1704 1
1423 1980 1
1423 1503 1
1503 1980 1
2000 2049 1
1423 2000 1
1423 2049 1
1424 1753 1
1424 1949 1
1424 1752 1
1753 1949 1
1752 1753 2
1752 1949 1
1426 1450 1
323 848 1
1858 2545 1
1859 2545 1
2545 3103 1
1858 1859 1
1858 3103 1
1859 3103 1
329 643 1
643 916 1
329 2591 1
330 416 1
1435 1530 1
337 846 1
2553 2784 1
2784 2785 2
2784 3031 2
2553 2785 2
2553 3031 1
2785 3031 1
339 1857 1
810 2559 1
343 932 1
344 2571 1
769 2053 1
769 1454 1
1454 2053 1
1827 2052 1
1827 2054 1
1709 1827 1
1455 1827 1
1827 1878 1
2052 2054 1
1455 2052 1
1878 2052 1
1709 2054 1
1455 2054 1
1878 2054 1
1455 1709 1
1709 1878 1
1455 1878 1
615 2574 1
1550 2025 1
1456 2025 1
1588 2025 1
1749 2025 1
1456 1550 1
1550 1588 1
1550 1749 1
1456 1588 1
1456 1749 1
1588 1749 1
862 1458 1
522 1460 2
1648 1706 1
628 1648 1
1461 1648 1
628 1706 1
1461 1706 1
628 1461 1
753 1461 1
1461 2006 1
1461 2110 1
348 629 1
348 375 1
375 629 2
348 981 1
354 2579 2
354 416 1
416 2579 1
354 2580 2
1589 2052 1
1463 2052 1
1463 1589 1
349 616 2
629 848 1
375 848 1
848 985 1
350 848 1
350 629 1
375 985 1
350 375 1
350 985 1
1465 1770 1
1465 1918 1
1770 1918 1
352 354 1
354 2586 2
354 781 1
781 2586 1
354 2584 1
2584 2586 1
2585 2586 1
363 765 1
363 390 1
390 765 1
483 547 3
547 926 3
483 926 4
390 926 4
364 926 5
439 926 5
799 1004 1
483 517 1
439 517 2
390 521 1
364 521 1
521 698 1
521 699 1
521 799 1
698 799 1
699 799 1
608 773 2
608 946 1
483 773 1
483 946 1
772 773 1
772 946 1
364 773 1
773 946 1
390 946 1
364 946 1
853 2592 1
2594 2595 1
370 1870 1
1473 1601 1
373 2669 1
373 763 1
897 2599 1
378 1851 1
2600 2998 1
2600 3087 1
2998 3087 1
1525 1660 1
1479 1660 1
1479 1525 1
2010 2011 1
1479 2010 1
1879 2010 1
1479 2011 1
1879 2011 1
1479 1879 1
2603 2652 1
2603 2704 1
953 969 1
381 953 1
381 969 1
381 798 1
1842 1843 1
1493 1842 1
1493 1843 1
2616 2618 1
2614 2616 1
2614 2618 1
2616 2619 1
386 618 1
386 794 1
618 932 1
794 932 1
584 618 1
584 794 1
618 654 1
618 794 1
654 794 1
753 788 1
389 753 1
388 753 1
389 788 1
388 788 1
388 389 1
389 973 1
389 756 1
389 767 1
389 3020 1
616 1001 1
1001 1004 1
390 1001 1
390 440 1
414 554 1
439 554 1
390 414 1
414 439 1
390 658 1
390 456 1
456 927 1
390 927 2
390 582 1
390 963 1
439 963 1
390 681 3
698 927 1
390 541 1
390 897 1
390 873 1
673 960 1
437 960 1
390 960 1
437 673 1
665 768 2
390 768 1
768 968 1
390 665 1
665 968 1
390 968 1
390 447 1
390 407 1
390 441 1
391 483 1
392 2651 1
400 401 2
400 3185 1
401 3185 1
400 403 1
400 404 1
400 693 1
401 403 1
401 404 1
401 693 2
403 404 1
403 693 1
404 693 2
401 916 1
693 916 1
404 3183 1
404 631 1
405 1511 1
406 738 1
409 661 1
409 847 1
661 847 1
1501 1877 1
410 509 1
410 659 2
410 492 1
492 659 1
410 564 1
413 2868 1
416 496 1
416 472 1
472 496 1
416 530 1
530 822 1
416 659 1
416 631 1
419 822 2
422 1898 1
1507 1912 1
1509 1673 1
429 1710 4
429 1512 2
1512 1710 2
1512 1957 1
429 1957 1
1710 1957 1
1681 1957 1
1512 1681 1
429 1681 1
1681 1710 1
782 2640 1
2643 2644 1
432 433 1
855 2646 1
434 938 1
434 847 1
847 938 2
502 699 1
439 502 1
2657 2658 1
441 2657 1
441 2658 2
1528 1690 2
441 1690 1
441 1801 1
1801 2658 1
1528 2995 1
441 2995 1
1528 3210 1
2169 3021 2
3021 3305 2
2654 3021 2
2169 3305 2
2169 2654 2
2654 3305 2
763 800 1
447 800 1
447 763 2
450 773 1
1537 2136 1
677 1537 1
905 2668 2
1540 1861 1
1543 2774 1
1667 1796 1
1662 1667 1
1543 1796 1
828 1796 1
1662 1796 1
1543 1662 1
828 1662 1
460 3156 1
1549 1903 1
591 1549 1
795 2678 1
471 2894 1
2688 2689 1
1553 1831 1
474 862 1
474 1631 1
862 1631 2
477 853 1
1562 1646 1
2699 3107 1
855 2699 1
486 847 1
487 488 3
487 644 2
612 643 1
643 644 1
487 643 1
488 643 1
612 644 1
487 612 1
488 611 1
487 611 1
488 601 2
488 832 1
488 663 1
601 832 1
601 663 1
663 832 1
488 831 1
601 831 1
488 613 1
612 613 1
488 834 1
612 834 1
2700 3058 1
2702 3085 1
490 745 1
698 745 1
745 763 1
490 747 1
490 698 1
490 763 1
747 763 1
698 763 1
2705 2863 1
2705 3286 1
2705 3185 1
2863 3286 1
2863 3185 1
3185 3286 1
493 631 1
495 731 2
495 659 2
495 666 1
712 995 1
495 995 1
657 995 1
691 995 1
788 995 1
979 995 1
986 995 1
495 712 1
657 712 1
691 712 1
712 788 1
712 979 1
712 986 1
495 657 1
495 691 1
495 788 1
495 979 1
495 986 1
657 691 1
657 788 1
657 979 1
657 986 1
691 788 1
691 979 1
788 979 1
788 986 2
495 743 1
659 743 1
631 743 1
731 743 1
495 631 1
659 731 1
631 731 1
2813 3244 1
2711 3244 2
2711 3020 2
506 817 1
506 847 2
847 940 1
506 722 1
507 1628 1
2713 3256 1
1580 2827 1
1582 1929 1
521 522 1
1831 1863 1
1004 1831 1
1005 1831 1
1586 1831 1
1004 1863 1
1005 1863 1
1586 1863 1
1004 1586 1
1005 1586 1
1589 1590 1
1592 1594 1
1592 1692 1
1594 1692 1
1602 3037 1
2731 3124 1
531 814 1
531 791 1
791 814 1
2739 2982 1
1690 2742 1
1618 2002 1
1619 1918 1
739 2745 1
1622 1924 1
1625 1810 1
1706 2009 1
1626 2009 1
1626 1706 1
2752 2820 1
544 1630 1
547 616 1
574 616 2
1634 3207 1
1636 2034 1
1637 1638 2
1638 2083 2
2759 2823 1
1640 1694 1
553 3174 1
905 3174 1
887 3174 1
891 3174 1
553 887 2
553 891 1
891 905 1
887 891 1
553 3208 1
553 1850 1
553 2081 1
905 2081 1
556 2894 1
564 857 1
847 857 1
564 847 1
3040 3041 1
566 3040 1
566 3041 1
1652 1856 1
571 2923 1
698 2923 1
574 2923 1
616 646 1
646 698 1
572 646 1
574 646 1
575 646 1
572 616 1
575 616 1
575 698 1
572 575 1
574 575 1
577 612 1
2777 3007 1
1680 1731 1
1680 2135 1
1731 2135 2
587 809 1
643 809 3
809 814 3
587 643 1
587 814 1
681 2790 1
1683 1839 1
1683 1878 1
1989 2795 1
591 615 1
1689 1908 1
595 847 2
1691 1815 1
753 980 1
596 753 1
596 980 1
2805 2806 1
606 2855 1
1699 1804 1
1702 2049 1
1705 1820 1
1706 2006 1
715 1706 1
2832 3161 1
612 847 1
613 644 1
615 3234 1
619 1004 1
619 1005 1
2839 3107 1
620 621 1
620 625 1
621 623 1
621 624 1
621 625 1
623 625 1
624 625 1
847 848 6
659 847 1
847 979 2
631 847 1
847 986 1
659 848 1
848 979 1
631 848 1
848 986 1
1716 1729 1
1717 1729 1
1716 1717 1
1717 1888 1
1722 2069 1
816 866 1
643 866 1
814 866 1
643 850 1
661 850 1
643 661 2
643 848 2
643 847 1
643 996 1
646 2148 1
647 898 1
647 691 1
2031 2865 1
2874 3220 2
654 860 1
1927 2022 2
1928 2022 3
1786 2022 1
1756 2022 1
1927 1928 3
1786 1927 1
1756 1927 2
1786 1928 1
1756 1928 2
1756 1786 1
2878 3046 1
656 731 1
1762 1924 1
1762 1910 1
1910 1924 1
718 937 1
659 937 1
661 937 1
662 937 1
856 937 1
659 718 1
661 718 1
662 718 1
718 856 1
659 661 1
659 662 1
659 856 1
661 662 1
661 856 1
662 856 1
659 660 1
660 849 1
847 849 1
660 847 1
660 986 1
660 788 1
661 948 1
661 837 1
661 908 1
663 781 1
727 768 1
665 727 1
1767 1768 1
1770 1771 1
678 954 1
1780 1787 1
691 814 1
691 847 1
1782 1935 1
1789 2927 1
795 1792 1
1793 2048 1
2929 3019 1
2930 3043 2
704 994 1
704 751 1
994 996 1
751 994 1
751 996 1
2934 3270 1
1798 2107 1
2936 3170 1
1806 2145 1
1809 1977 1
2953 2956 1
2955 3173 1
716 3186 2
1906 2049 1
1819 2049 1
1819 1906 1
2976 3303 1
729 737 1
729 942 1
729 847 1
737 942 1
737 847 2
847 942 1
736 737 1
730 736 1
730 737 1
2981 3138 1
2984 2985 1
2983 2984 1
2983 2985 3
1847 2022 1
1915 2022 1
1847 1927 1
1915 1927 1
1847 1928 1
1915 1928 1
1847 1915 1
1848 3124 1
1851 3008 1
1852 2018 1
2996 3232 1
750 847 1
753 3155 1
758 760 1
759 760 1
758 759 1
1869 1919 1
1873 1920 1
3032 3259 1
767 822 1
960 3041 1
956 1893 1
3051 3052 2
1901 2080 1
2049 2050 2
1903 2049 2
2033 2049 1
1980 2049 2
1903 2050 2
2033 2050 1
1903 2033 1
1903 1980 2
1980 2033 1
3065 3067 1
1906 3123 1
933 1003 1
806 1003 1
806 933 1
3081 3084 1
1913 2142 1
814 848 1
1916 2050 1
1918 2098 1
1918 2049 2
2049 2077 1
2049 2159 1
1918 2077 1
2077 2159 1
1918 2159 1
3095 3096 2
1925 2049 1
822 979 1
822 847 1
3100 3102 1
3106 3178 1
1929 3123 1
846 850 1
847 966 1
847 916 1
847 912 1
853 2049 1
862 1968 1
1972 2160 1
862 2160 1
862 1972 1
1970 1971 2
1970 2019 2
1971 2019 2
3146 3147 1
3146 3149 1
3147 3149 2
3147 3148 1
3147 3151 1
3148 3149 1
3148 3150 1
3148 3151 1
3149 3150 1
3149 3151 1
3150 3151 1
874 3155 1
2006 2109 1
2008 2056 1
3167 3290 3
3168 3290 1
3167 3168 1
892 893 1
946 2031 1
3188 3189 1
909 3273 1
2046 2169 1
2048 2049 1
3202 3204 1
2055 2145 1
2085 2089 1
2100 2101 1
3240 3281 1
940 941 1
3260 3261 1
3267 3268 1
2130 2131 1
963 2130 1
963 2131 1
980 994 1
989 994 1
980 989 1
2166 2169 1
