163 538
219 538
163 219
163 1114
427 881
881 2667
163 881
427 2667
163 427
163 2667
163 343
163 1305
163 1303
343 427
427 1305
427 1303
343 1305
343 1303
1303 1305
163 1136
163 566
566 1206
163 1206
523 1409
1409 2220
163 1409
523 2220
163 523
163 2220
129 163
129 1969
129 2165
129 1719
163 1969
163 2165
163 1719
1969 2165
1719 1969
1719 2165
163 1834
55 1834
55 163
163 1153
100 1153
1153 1380
1153 1379
100 163
163 1380
163 1379
100 1380
100 1379
1379 1380
163 1184
188 1184
163 188
163 2490
1728 1729
163 1728
1016 1728
793 1728
163 1729
1016 1729
793 1729
163 1016
163 793
793 1016
163 2409
501 2409
503 2409
163 501
163 503
501 503
145 2529
163 2529
2164 2529
145 163
145 2164
163 2164
582 2067
163 582
430 582
163 2067
430 2067
163 430
793 1696
1130 1696
163 1696
793 1130
163 1130
163 1523
163 1424
1424 2205
727 1424
163 2205
163 727
727 2205
1696 1936
163 1936
163 744
744 2030
743 744
163 2030
163 743
743 2030
163 764
1184 1533
846 1184
163 1533
163 846
846 1533
163 934
163 965
163 910
910 965
163 1249
1249 1715
1249 1592
793 1249
163 1715
163 1592
1592 1715
793 1715
793 1592
1257 1696
1696 1771
163 1257
1257 1771
163 1771
145 2280
163 2280
163 1441
1380 1441
941 1441
163 941
941 1380
1136 1946
1136 1796
163 1946
1796 1946
163 1796
163 2237
163 2298
163 537
1136 1305
1016 1153
793 1153
1216 1218
163 1216
343 1216
1216 2202
163 1218
343 1218
1218 2202
163 2202
343 2202
1696 2211
995 1696
163 2211
163 995
995 2211
938 1153
728 1153
163 938
163 728
728 938
793 938
728 793
163 168
523 565
163 565
565 902
523 902
163 902
163 636
636 2204
636 846
163 2204
846 2204
163 294
163 1462
163 569
163 826
163 828
569 1462
826 1462
828 1462
569 826
569 828
826 828
163 1117
163 1333
1117 1333
163 1583
163 2396
1583 2220
219 2220
2220 2396
219 1583
1583 2396
219 2396
289 1534
163 1534
582 1534
163 289
289 582
37 163
38 163
163 247
37 38
37 247
37 219
38 247
38 219
219 247
503 1952
163 1952
1583 1952
503 1583
163 1060
163 2039
1060 2039
42 129
129 144
129 189
42 163
144 163
163 189
42 144
42 189
144 189
247 910
163 1784
132 163
143 163
132 143
163 1224
638 1224
163 638
163 1113
793 1113
163 378
378 1333
378 430
430 1333
188 793
189 793
188 189
163 659
163 2058
411 2058
163 411
163 1646
744 2659
163 2659
2030 2659
163 1139
1016 1106
728 1016
163 1106
728 1106
15 1728
15 163
188 523
163 2173
636 2173
846 2173
145 1333
1016 1136
163 191
163 686
163 1947
430 686
430 1947
686 1947
129 191
163 1980
793 1685
163 1685
1696 2361
163 2361
1257 2361
163 964
964 965
902 964
910 964
902 965
902 910
846 2058
219 2058
188 2058
219 846
188 846
188 219
163 1069
422 793
163 422
207 1728
163 207
163 1466
163 1558
163 1159
1159 1558
1178 1184
1184 2175
163 1178
1178 2175
163 2175
380 1184
163 380
1063 1153
1106 1153
1153 1305
163 1063
1063 1106
1063 1305
1106 1305
163 1911
163 1839
1911 2220
1839 2220
1839 1911
163 2152
1533 2152
2152 2470
163 2470
1533 2470
189 191
1305 1911
343 1911
380 938
938 2267
163 2267
380 2267
163 1850
145 2248
163 2248
2248 2251
145 2251
163 2251
1218 2089
163 2089
1114 2334
163 2334
145 2089
145 1218
380 1153
1257 2261
1257 2175
163 2261
2175 2261
163 967
163 237
237 965
965 1136
965 1523
237 1136
237 1523
1136 1523
163 1890
1060 1890
1890 2254
163 2254
1060 2254
163 1775
1728 1793
1728 1795
1793 1795
163 1793
163 1795
1069 1685
743 2659
163 262
163 578
578 1136
578 793
578 1467
163 1467
793 1136
1136 1467
793 1467
163 961
961 988
163 988
163 717
188 717
793 1333
168 745
168 2603
168 2613
168 1663
745 2603
745 2613
745 1663
2603 2613
1663 2603
1663 2613
1859 1860
552 1859
82 1859
565 1859
552 1860
82 1860
565 1860
82 552
552 565
82 565
455 552
552 2537
552 2666
2537 2666
552 650
552 566
552 1006
566 650
650 1006
566 1006
410 552
471 552
410 565
410 471
471 565
82 410
552 1378
565 1378
82 1378
552 554
210 552
210 565
490 552
45 552
295 552
45 490
295 490
45 295
406 552
552 2480
552 1697
466 552
466 1697
566 1697
466 566
162 294
162 552
162 565
162 566
294 552
294 565
294 566
565 566
552 875
565 875
294 875
552 2341
167 552
1378 2341
167 1378
167 2341
465 552
465 565
294 465
60 552
207 552
412 552
60 207
60 566
60 412
207 566
207 412
412 566
552 738
565 738
294 1573
552 1573
764 1573
1573 2687
294 764
294 2687
552 764
552 2687
764 2687
552 1459
552 2485
483 552
1459 2485
483 1459
483 2485
552 967
565 1459
967 1459
565 967
552 562
562 565
295 738
738 1459
63 738
295 1459
63 295
63 552
63 1459
562 1459
562 566
566 1459
552 559
554 1459
554 559
559 1459
136 552
552 1259
479 552
136 1259
136 565
136 479
565 1259
479 1259
479 565
552 1649
552 2658
1649 2658
565 1649
565 2658
483 565
465 566
738 843
173 738
552 843
173 552
173 843
565 843
173 565
3 611
552 611
611 1741
565 611
3 552
3 1741
3 565
552 1741
565 1741
562 875
554 967
57 967
57 552
554 565
57 554
57 565
294 483
483 523
483 567
294 523
294 567
523 552
552 567
523 567
295 2406
2406 2474
1459 2406
1983 2406
295 2474
295 1983
1459 2474
1983 2474
1459 1983
1459 2404
1459 1527
566 2404
1527 2404
566 1527
898 1649
523 1649
1459 1649
523 898
898 1459
523 1459
162 875
162 1459
875 1459
1378 1459
1118 1378
1118 1459
565 1118
294 611
611 1459
566 611
294 1459
490 1459
490 492
492 1459
558 1459
1459 1687
558 1687
465 1459
1459 1697
554 621
471 554
565 621
471 621
35 66
66 559
66 565
66 566
35 559
35 565
35 566
559 565
559 566
558 1934
559 1934
1934 2485
566 1934
558 559
558 2485
558 566
559 2485
566 2485
682 1859
682 1559
1559 1859
294 682
682 2647
294 2647
87 638
87 631
631 638
87 2243
2243 2471
87 2471
1994 1995
1800 1994
1800 1995
1800 2301
1995 2301
479 523
523 1687
929 2118
71 929
523 929
565 929
71 2118
523 2118
565 2118
71 523
71 565
523 882
565 882
523 1378
1378 1529
575 1378
523 1529
523 575
565 1529
565 575
575 1529
523 747
565 747
523 583
523 2624
523 1975
615 712
523 615
615 1687
615 2334
523 712
712 1687
712 2334
523 2334
1687 2334
523 2368
565 2368
74 523
74 207
74 565
74 1146
207 523
523 1146
207 565
207 1146
565 1146
417 523
417 2326
523 2326
22 523
415 523
22 565
565 2334
415 565
22 2334
22 415
415 2334
465 523
523 566
1408 2402
523 1408
1408 1931
523 2402
1931 2402
523 1931
125 608
133 608
125 133
608 611
157 608
608 2095
157 611
611 2095
157 2095
74 608
608 747
90 608
74 747
74 90
90 747
76 608
608 1079
608 668
74 76
74 1079
74 668
76 1079
76 668
668 1079
331 608
331 611
608 2378
608 1935
608 719
1935 2378
719 2378
1079 2378
719 1935
1079 1935
719 1079
611 1672
1564 1672
1565 1672
611 1564
611 1565
1564 1565
611 2260
74 611
611 1579
427 611
611 1079
74 1579
74 427
427 1579
1079 1579
427 1079
611 1935
611 2055
271 611
611 2499
359 611
359 2499
611 2432
611 745
611 2611
407 611
611 639
745 2611
407 745
639 745
407 2611
639 2611
407 639
611 2378
745 747
611 747
611 1644
611 2423
1644 2423
160 611
157 160
611 2676
2499 2676
1488 2378
611 1488
1488 1910
1910 2378
611 1910
611 1606
1606 1718
611 1718
1672 2674
611 2674
611 696
696 747
611 1732
611 1593
745 1672
687 1672
687 745
611 687
611 1490
980 1490
427 1490
611 980
427 980
560 611
611 1725
611 1306
611 1050
611 1310
1050 1306
1306 1310
1050 1310
611 668
668 2452
611 2452
1079 2452
745 2538
611 2538
1138 1148
1138 1534
486 1138
1148 1534
486 1148
486 1534
1497 1498
1497 1534
1498 1534
1534 1537
583 1534
289 486
289 583
486 583
578 717
578 1534
717 1534
612 1537
1535 1537
612 1534
612 1535
1534 1535
285 1534
30 1534
30 285
285 486
30 486
289 612
289 717
289 2544
583 612
612 717
612 2544
583 717
583 2544
717 2544
1345 2706
612 1345
1121 1345
612 2706
1121 2706
612 1121
402 2309
402 2302
2302 2309
934 2302
2302 2317
294 2302
934 2317
294 934
294 2317
2047 2302
403 2302
402 712
712 2309
219 2170
2170 2309
1175 2170
219 2309
219 1175
1175 2309
2527 2649
735 2649
735 2527
1961 2527
1847 2537
1927 2537
1847 1927
1560 2537
1560 2695
2537 2695
1846 2537
1846 1847
761 1560
109 1560
672 1560
109 761
672 761
109 672
786 1560
1003 1560
1004 1560
786 1003
786 1004
1003 1004
1702 2657
1560 2657
2423 2657
1592 2657
1560 1702
1702 2423
1592 1702
1560 2423
1560 1592
1592 2423
549 672
569 672
25 672
549 569
549 1560
25 549
569 1560
25 569
25 1560
228 2057
638 2057
228 638
1897 2182
1003 2182
1004 2182
638 2182
1003 1897
1004 1897
638 1897
638 1003
638 1004
638 1644
15 1644
15 638
1812 2423
986 1812
1019 1812
638 1812
986 2423
1019 2423
638 2423
986 1019
638 986
638 1019
635 638
638 2210
638 1643
1643 1687
638 1687
478 638
638 672
418 1428
418 1269
344 418
418 638
1269 1428
344 1428
638 1428
344 1269
638 1269
344 638
638 848
847 848
638 847
638 1893
102 638
102 1893
344 2032
638 2032
142 638
438 638
378 638
142 438
142 378
142 478
378 438
438 478
378 478
227 1236
227 692
227 438
227 638
692 1236
438 1236
638 1236
438 692
638 692
638 2673
686 2673
638 686
638 1569
747 1203
638 747
542 747
638 1203
542 1203
542 638
430 638
430 635
322 1322
322 1336
322 378
322 638
1322 1336
378 1322
638 1322
378 1336
638 1336
344 1259
1081 1259
1082 1259
638 1259
344 1081
344 1082
1081 1082
638 1081
638 1082
344 1007
638 1007
638 2426
1007 2426
638 1539
566 638
479 638
566 1539
479 1539
479 566
294 747
745 1052
205 745
747 1052
205 747
205 1052
747 2499
359 747
624 881
624 747
572 624
747 881
572 881
572 747
15 747
659 747
747 1967
659 1967
655 747
294 2536
747 2536
565 2536
567 2536
567 747
565 567
747 2612
747 2619
747 2346
659 2346
747 2024
427 747
294 427
294 588
588 747
566 747
566 588
719 747
354 576
359 576
576 747
576 731
354 359
354 747
354 731
359 731
731 747
477 747
624 625
624 879
625 747
625 879
747 879
1656 2662
747 1656
1656 1968
747 2662
1968 2662
747 1968
747 1879
747 771
72 745
72 202
72 747
202 745
202 747
687 747
72 204
72 427
204 747
204 427
202 1645
202 2410
747 1645
747 2410
1645 2410
745 771
217 747
427 745
779 1203
747 779
294 699
699 747
566 699
668 747
122 745
127 745
122 747
122 127
127 747
18 745
18 747
18 122
63 747
63 294
747 2191
66 2520
66 688
688 835
66 835
66 2529
649 2529
2380 2529
1140 2529
66 649
66 2380
66 1140
649 2380
649 1140
1140 2380
66 2061
66 696
66 478
2061 2380
696 2380
478 2380
696 2061
478 2061
478 696
66 2583
66 318
66 2607
318 2583
2583 2607
318 2607
66 887
66 1154
66 983
887 1154
887 983
983 1154
344 2585
66 344
66 2585
66 1864
66 75
66 1854
66 1855
75 1864
1854 1864
1855 1864
75 1854
75 1855
1854 1855
66 539
66 541
66 454
539 541
454 539
454 541
66 2597
66 430
66 686
66 1626
430 2597
686 2597
1626 2597
430 1626
686 1626
66 1377
75 1377
1377 2380
1377 2037
66 2037
75 2380
75 2037
2037 2380
66 288
1136 1153
1018 1136
1136 1139
1136 1142
1139 1142
833 1136
1136 1218
833 1218
155 345
345 452
345 513
155 452
155 513
452 513
345 2421
74 345
74 2421
345 2040
2040 2327
345 2327
74 1256
1203 1256
1256 2423
74 1203
74 2423
1203 2423
228 1351
228 1583
228 1207
228 1533
1351 1583
1207 1351
1351 1533
1207 1583
1533 1583
1207 1533
423 2341
2341 2474
788 2341
62 2341
423 2474
423 788
62 423
788 2474
62 2474
62 788
580 1497
1126 1497
580 1126
166 1496
1497 1554
1497 1553
1553 1554
581 1497
1215 1497
581 1126
581 1215
1126 1215
581 643
150 643
583 643
150 581
581 583
150 583
582 1125
817 1125
1125 1212
1125 1215
582 817
582 1212
582 1215
817 1212
817 1215
1212 1215
228 320
320 582
228 582
1498 2372
583 1498
583 2372
1498 2449
1329 1498
1292 1329
1292 1498
1123 1498
1125 1498
1123 1125
2371 2372
583 2371
284 289
284 486
284 583
64 486
64 583
150 1121
583 1121
1512 2508
344 1512
74 1512
1512 1608
74 1608
70 1512
70 1463
70 1240
70 347
1463 1512
1240 1512
347 1512
1240 1463
347 1463
347 1240
1053 1512
1337 1512
1339 1512
1267 1512
1337 1339
1267 1337
1267 1339
2180 2342
2180 2508
1020 2180
2180 2367
2342 2508
1020 2342
2342 2367
1020 2508
2367 2508
1020 2367
430 2508
431 2508
430 431
1582 2508
1909 2508
635 2508
430 1582
430 1909
1582 1909
635 1582
635 1909
160 967
160 2508
160 1644
15 160
967 2508
967 1644
15 967
1644 2508
15 2508
865 1505
649 1505
251 1505
1505 2555
649 865
251 865
865 2555
251 649
649 2555
251 2555
251 490
578 2215
251 578
414 578
717 2215
251 2215
414 2215
251 717
414 717
251 414
13 578
551 578
13 251
251 551
13 551
1312 1322
1312 1578
1312 1428
344 1312
1322 1578
1322 1428
344 1322
1428 1578
344 1578
228 2091
228 1428
228 344
228 1275
1428 2091
344 2091
1275 2091
1275 1428
344 1275
344 2080
344 2079
2079 2080
344 585
344 426
344 378
426 585
378 585
378 426
344 2449
344 2450
2449 2450
344 675
344 2126
675 2126
344 2663
1428 2663
344 1519
675 1444
675 1445
414 675
1444 1445
344 1444
414 1444
344 1445
414 1445
344 414
344 2329
344 1177
344 479
479 1177
585 1234
426 1234
344 1234
378 1234
585 2291
585 1275
344 2291
378 2291
1275 2291
378 1275
1312 2090
654 1312
1269 1312
654 2090
1269 2090
344 2090
654 1269
344 654
314 344
344 348
344 1061
314 348
314 1061
348 1061
344 2215
569 1431
25 1431
438 569
569 1422
569 2423
438 1422
438 2423
1422 2423
686 1422
569 686
686 826
319 686
826 1422
319 1422
319 569
319 826
569 1484
569 1290
453 569
569 1025
453 1290
1025 1290
453 1025
421 569
70 569
569 767
70 421
421 767
70 767
70 2338
1329 2338
569 2338
2338 2462
70 1329
70 2462
569 1329
1329 2462
569 2462
569 1356
1356 1484
456 569
456 2098
453 456
569 2098
453 2098
569 847
438 847
569 1312
418 1312
453 1312
418 569
418 453
569 1185
453 1006
453 1238
1006 1290
1238 1290
1006 1238
569 1006
569 1238
1185 1484
1185 1237
70 1185
1237 1484
70 1484
70 1237
1359 1484
627 1484
631 1484
1307 1484
627 1359
631 1359
1307 1359
627 631
627 1307
631 1307
228 1484
70 228
1484 1608
1608 1618
74 1484
74 1618
1484 1618
70 1000
70 1053
1000 1484
1000 1463
1000 1053
1463 1484
1053 1484
1053 1463
1484 1644
1053 1290
1290 1484
1290 2634
1053 2634
1484 2634
1267 1484
1484 2180
1238 1484
1267 2180
1238 1267
1238 2180
826 1457
1457 1484
1422 1457
826 1484
1422 1484
169 576
570 576
169 570
576 2552
576 1922
570 2552
570 1922
1922 2552
576 1520
570 1520
576 1524
570 1524
570 1245
1245 1524
59 1520
839 1520
59 570
570 839
59 839
576 834
576 1801
576 1067
834 1801
834 1067
570 834
1067 1801
570 1801
570 1067
576 839
59 576
1520 1524
476 576
576 676
476 676
576 808
576 2499
808 2499
387 576
839 1524
576 1656
576 1821
1067 1821
576 1814
1067 1520
1067 1814
1520 1814
1520 1821
1814 1821
576 1072
1072 1520
354 1072
354 1520
576 2024
576 745
18 576
576 1912
745 2024
18 2024
1912 2024
745 1912
18 1912
576 1562
745 1562
2498 2499
2019 2498
2019 2499
359 2498
2498 2500
2499 2500
359 2500
2422 2499
2422 2500
359 2422
359 2676
1656 2499
2322 2499
2322 2500
359 2322
989 2499
726 2499
726 989
726 2500
989 2500
359 726
359 989
257 2570
257 667
257 2270
667 2570
2270 2570
667 2270
2124 2570
74 2570
667 2124
74 667
74 2124
1706 2656
1699 2656
1122 2656
1699 1706
1122 1706
1122 1699
1122 1621
593 1194
593 1621
593 1122
1194 1621
1122 1194
539 1123
454 1123
1123 1354
1354 1592
1123 1592
1285 1592
1285 1354
1123 1285
818 1212
818 1125
818 1367
1212 1367
1125 1367
1125 1483
643 2371
1126 2371
643 1126
643 2372
1126 2372
922 1126
817 1154
818 1154
1154 1212
1154 1215
817 818
818 1215
1212 1553
1212 1554
1215 2656
539 1215
824 825
824 1215
825 1215
1215 1621
161 347
1240 1241
84 1240
347 1241
84 1241
84 347
347 513
325 1240
1240 2559
157 1240
74 1240
1240 1608
1240 1527
772 1240
645 1240
645 772
1172 1240
1172 1241
772 2559
161 1347
161 772
161 1240
161 1241
772 1347
1240 1347
1241 1347
772 1241
1241 1527
84 772
84 1527
772 1527
430 1322
1322 1328
1322 1329
1322 1337
430 1328
430 1329
430 1337
1328 1329
1328 1337
1329 1337
2467 2560
228 2560
1322 2560
140 2560
228 2467
1322 2467
140 2467
228 1322
140 228
140 1322
426 429
382 426
319 426
382 429
319 429
319 382
256 426
256 2607
426 2607
426 1595
426 1266
375 426
1266 1595
375 1595
375 1266
426 2426
1008 1569
426 1008
426 1569
426 1174
1174 2091
478 1174
426 2091
426 478
478 2091
426 1644
426 1919
1919 2426
1328 2583
1164 2151
1328 2151
2037 2151
1626 2151
1164 1328
1164 2037
1164 1626
1328 2037
1328 1626
1626 2037
843 1328
1111 1328
843 1111
258 1328
785 1328
1328 1812
634 1328
862 1328
785 1812
634 785
785 862
634 1812
862 1812
634 862
1019 1328
1328 1431
1111 1431
1328 1601
1601 1812
862 1601
1328 1570
1328 1339
258 1339
258 1570
1339 1570
1053 1328
430 1053
1155 1328
1328 1407
1155 1812
1155 1407
1407 1812
862 1155
318 1328
74 2338
1053 2338
1335 2338
74 1053
74 1335
1053 1335
1336 2338
1335 1336
2017 2338
1582 2017
1909 2017
1339 2017
1582 2338
1909 2338
1339 2338
1339 1582
1339 1909
2338 2343
1339 2343
427 1810
477 1810
427 477
427 2176
427 2412
427 2410
204 2410
427 1820
427 2666
427 1879
427 2107
427 2575
427 1463
88 427
88 214
88 2239
214 427
427 2239
214 2239
427 1887
427 1283
142 1283
227 1283
142 427
227 427
142 227
427 1028
427 2049
427 577
577 772
577 645
427 772
427 645
430 1283
230 1283
427 430
230 427
230 430
427 843
566 843
843 2647
477 843
427 566
427 2647
566 2647
477 566
477 2647
427 1250
15 1250
1250 1251
15 427
427 1251
15 1251
427 2307
230 2307
427 565
427 2655
565 2655
107 577
76 577
76 107
107 427
76 427
250 427
250 639
427 639
108 427
427 1461
427 1912
108 1461
108 1912
108 250
1461 1912
250 1461
250 1912
427 2526
427 668
427 2044
427 687
668 2044
668 687
687 2044
427 969
157 427
427 1038
157 1038
427 2003
427 1600
427 658
658 1580
343 658
427 1580
343 1580
438 1283
142 230
230 438
427 438
52 136
136 430
136 1823
52 430
52 1823
430 1823
236 1107
430 1107
236 430
430 634
634 2342
430 2342
157 1562
430 1562
157 430
430 1860
686 1860
632 1860
635 1860
430 632
632 686
635 686
632 635
430 2622
430 1327
430 520
635 2342
686 2342
208 1337
208 1618
208 430
1337 1618
430 1618
74 430
88 1569
88 635
88 430
635 1569
430 1569
634 635
318 634
318 635
318 430
245 635
245 430
430 965
911 965
965 2192
635 965
430 911
430 2192
911 2192
635 911
635 2192
208 2342
627 2342
1335 2342
430 627
430 1335
208 627
208 1335
627 1335
228 430
228 686
228 478
430 478
430 1270
430 1271
1270 1271
478 2342
1109 2037
1109 2342
2037 2342
1335 1337
848 1335
848 1053
848 1223
1223 1335
1053 1223
1112 1335
848 1422
848 1607
1335 1422
1335 1607
1422 1607
177 1335
591 967
848 967
847 967
967 1335
591 848
591 847
591 1335
847 1335
1337 2636
479 1337
479 2636
1339 2473
597 2473
597 1339
1339 1678
438 2207
438 649
649 2061
478 649
438 2061
438 1378
294 1378
567 1378
294 438
438 567
438 1306
268 438
438 613
438 2046
268 613
268 2046
613 2046
378 1191
438 1191
136 2692
136 1102
1102 2692
985 2692
136 159
159 2692
740 1697
71 1697
1559 1697
71 740
740 1559
71 1559
1697 2658
1697 1703
740 2658
71 2658
1703 2658
740 1703
71 1703
1928 2114
1928 2227
71 1928
2114 2227
71 2114
71 2227
71 74
71 76
558 1086
71 558
71 1086
74 1019
74 1860
1019 1860
74 157
74 1574
157 1574
74 1252
74 2374
310 2374
1366 2374
2239 2374
74 310
74 1366
74 2239
310 1366
310 2239
1366 2239
74 392
74 2283
74 1293
74 2278
1293 2283
2278 2283
1293 2278
74 2378
74 134
74 294
294 688
294 562
60 294
74 688
74 562
60 74
562 688
60 688
60 562
74 622
76 2421
76 622
622 2421
74 1288
1287 1288
74 1287
74 2227
36 74
76 2227
36 2227
36 76
668 2421
74 571
74 1493
46 74
667 1493
46 667
46 1493
76 1374
1288 1393
76 1288
76 1393
76 250
76 423
423 558
423 2463
76 558
76 2463
558 2463
76 157
76 662
76 766
157 662
157 766
662 766
76 2417
766 2417
518 2417
76 518
518 766
1924 2015
76 2015
76 1924
76 181
181 662
181 766
565 807
294 807
128 294
128 465
128 565
128 471
294 471
465 471
294 2409
294 696
294 1672
294 2472
294 745
565 745
566 745
738 1841
565 1841
294 1841
294 738
640 2246
591 640
640 1363
574 640
591 2246
1363 2246
574 2246
591 1363
574 591
574 1363
1259 2091
1259 2539
1259 2253
1259 2126
1259 2290
2253 2539
2126 2539
2290 2539
2126 2253
2253 2290
2126 2290
1259 1290
1174 1290
1174 1259
521 1082
521 1259
479 986
986 1539
986 1259
1259 1539
1269 2509
453 2509
453 1269
1006 1025
1025 1269
1006 1269
591 2467
549 640
549 591
492 1309
492 1268
492 591
1268 1309
591 1309
591 1268
549 1124
591 1124
640 672
591 672
453 1661
453 591
453 1567
591 1661
1567 1661
591 1567
1897 2011
591 1897
1003 2011
591 1003
591 2011
109 549
109 591
1026 2356
798 1026
591 1026
798 2356
591 2356
591 798
1864 2299
75 2299
1855 2299
1864 2075
75 2075
2075 2299
1854 2299
1854 2075
1854 2482
1854 2123
1855 2123
12 84
84 99
1419 1427
84 1419
1238 1419
157 1419
84 1427
1238 1427
157 1427
84 1238
84 157
157 1238
1042 1043
1028 1042
1028 1043
1488 1490
1028 1488
1028 1490
1037 1043
206 1043
1028 1037
206 1028
206 1037
808 1300
359 808
359 1300
808 2454
1300 2454
359 2454
476 1288
676 1288
1014 1288
476 1014
676 1014
2057 2696
1234 2057
1510 2057
1234 1510
790 2057
790 1234
109 456
456 1198
109 1198
456 1363
456 672
672 1363
456 2182
1366 2373
1718 2373
668 2373
2239 2373
1366 1718
668 1366
668 1718
1718 2239
668 2239
465 636
565 636
636 2409
465 2409
565 2409
85 465
39 1378
39 565
1378 1533
974 1378
974 1533
567 1533
567 974
471 1540
68 471
471 1687
68 1687
82 471
3 483
3 333
3 564
3 477
333 483
483 564
477 483
333 564
333 477
477 564
477 1644
1644 1869
1644 2543
477 1869
477 2543
1869 2543
201 2024
477 2024
350 2024
201 477
201 350
350 477
477 565
483 875
483 656
656 1006
483 1006
1554 2605
562 2605
565 2605
951 2605
562 1554
565 1554
951 1554
562 951
565 951
562 1828
562 2014
1828 2014
414 562
367 562
367 414
730 2648
2586 2648
562 2648
730 2586
562 730
562 2586
910 2089
562 2089
247 2089
1114 2089
562 910
910 1114
247 562
562 1114
247 1114
1193 1202
738 1193
562 1193
738 1202
562 1202
562 738
134 295
134 565
134 566
134 2328
295 565
295 566
295 2328
565 2328
566 2328
738 804
565 804
85 565
295 882
738 1546
306 738
738 1727
306 1546
565 1546
1546 1727
306 565
306 1727
565 1727
656 1643
565 656
656 1687
565 1643
565 1687
565 1540
738 1649
63 565
490 565
565 2419
490 2419
490 1741
1741 2419
136 750
565 750
173 575
575 2485
565 2485
173 2485
173 2480
173 566
565 2480
566 2480
575 2480
566 575
738 2536
2536 2628
738 2628
565 2628
565 1718
1515 1581
566 1515
566 1581
1084 2556
566 1084
1084 2303
566 2556
2303 2556
566 2303
649 1649
566 1649
566 649
204 566
478 566
204 478
1954 2305
2179 2305
1192 2305
566 2305
1954 2179
1192 1954
566 1954
1192 2179
566 2179
566 1192
2014 2018
567 2018
567 2014
1491 1672
102 318
318 2135
102 2583
2135 2583
102 2135
2071 2585
2466 2585
1234 2585
88 2428
88 686
686 2428
256 1569
256 686
256 634
256 635
686 1569
634 1569
634 686
1155 1626
1626 1812
862 1626
1002 1626
983 1626
983 1002
1570 1626
318 690
690 1980
1643 1649
1649 1688
1688 1693
1687 1688
1649 1693
1649 1687
1687 1693
460 656
460 1649
210 460
460 1687
656 1649
210 656
210 1649
210 1687
650 1649
691 1649
650 691
650 1687
691 1687
924 1532
1569 1578
1061 1569
1061 1578
1010 1061
1010 1578
877 1010
877 1061
877 1578
109 1174
1442 1444
1174 1442
1174 1444
136 985
136 1174
985 1174
964 1174
910 1174
858 1368
1084 1368
318 1368
858 1084
318 858
318 1084
318 2394
1062 1195
1062 1145
1062 1149
1062 1150
1145 1195
1149 1195
1150 1195
1145 1149
1145 1150
1149 1150
1195 1203
881 1203
325 2076
645 2076
1527 2076
325 645
325 1527
645 1527
1287 1718
1287 1414
327 1414
788 1414
62 1414
327 1287
788 1287
62 1287
327 788
62 327
1268 1393
1287 1393
1268 1287
788 1288
1268 1288
788 1393
788 1268
787 1287
1287 1593
891 1287
787 1393
1393 1593
891 1393
787 1593
787 891
891 1593
905 1393
905 1287
250 1288
250 1287
976 1393
558 976
976 1287
558 1393
558 1287
577 1288
772 1288
577 1393
772 1393
107 1288
107 250
192 193
192 420
192 519
192 280
193 420
193 519
193 280
420 519
280 420
280 519
388 420
420 2421
388 2421
388 519
519 2421
192 2448
192 2549
193 2448
193 2549
420 2448
420 2549
2448 2549
519 2549
356 519
356 2223
519 2223
192 1910
519 1910
192 356
192 2223
519 2214
193 2421
314 521
236 521
431 521
236 314
314 431
236 431
2282 2426
837 2426
837 2282
1428 2426
109 2427
507 2427
109 507
2391 2427
507 2391
2253 2427
2126 2427
2427 2431
2253 2431
2126 2431
549 2391
549 2427
549 798
109 2391
109 798
798 2391
798 2427
1428 2589
1429 1434
256 1608
1608 1732
1608 2423
256 1732
256 2423
1732 2423
745 2586
745 2599
2586 2599
1908 2586
2586 2615
1908 2615
355 2085
355 2228
122 355
355 1659
2085 2228
122 2085
1659 2085
122 2228
1659 2228
122 1659
122 124
124 1916
124 127
122 1916
127 1916
3 633
633 749
295 633
3 749
3 295
295 749
2150 2305
1954 2150
2150 2179
875 2473
2150 2473
875 2150
1272 1281
1272 1451
1281 1451
1281 1282
1281 1446
1282 1446
1281 1633
693 1281
447 1281
1282 1633
693 1282
447 1282
693 1633
447 1633
447 693
1281 1346
1282 1451
1282 1346
1346 1451
240 2652
1019 1732
1019 1053
1053 1732
1053 2423
378 1292
378 1301
1292 1301
102 378
378 2135
378 1963
286 378
286 1963
378 2428
378 1290
378 1550
1290 1550
478 1290
378 2091
378 2423
1290 2423
378 1019
731 808
808 1710
731 1710
43 1710
43 731
731 2024
86 2649
196 735
409 826
136 1819
52 1819
1819 1823
1601 1819
597 1601
597 1819
136 2626
136 2398
2398 2626
136 2017
136 2543
1102 2017
2017 2543
1102 2543
136 1595
1595 2543
136 2635
1114 1117
1117 2334
1117 2089
247 1117
1767 1768
1767 2444
22 1767
247 1767
1768 2444
22 1768
247 1768
22 2444
247 2444
22 247
247 563
563 2444
563 1767
129 2451
129 247
247 2451
803 2089
243 803
537 803
803 1563
243 2089
537 2089
1563 2089
243 537
243 1563
537 1563
712 2089
712 757
757 2089
2053 2054
640 2054
549 2054
672 2054
2054 2690
488 2690
109 2690
2685 2690
488 2054
109 2054
2054 2685
109 488
488 2685
109 2685
2081 2661
1910 2081
1910 2661
1794 2082
1794 1795
1794 2178
1773 1794
1795 2082
2082 2178
1773 2082
1795 2178
1773 1795
1773 2178
1793 2082
1793 1794
1793 2181
2082 2181
1795 2181
1794 2181
809 2304
414 2304
919 2304
414 809
809 919
414 919
672 1539
672 1460
672 1309
1460 1539
1309 1539
1309 1460
635 1908
635 698
256 1570
635 1570
640 660
109 640
109 660
640 2653
672 2653
25 640
640 1003
640 732
25 1003
25 732
732 1003
267 640
334 640
267 334
25 267
267 732
25 334
334 732
459 640
459 672
649 2403
166 649
986 2616
1644 2616
2614 2616
986 1644
986 2614
1644 2614
986 1377
1377 1475
986 1475
258 555
14 258
258 2354
258 2360
14 555
555 2354
555 2360
14 2354
14 2360
2354 2360
0 258
0 14
0 751
258 751
14 751
258 616
613 616
14 616
258 613
14 613
0 8
8 258
8 14
8 751
230 478
230 719
478 719
142 719
478 843
740 1198
479 740
479 1198
954 1050
871 954
871 1050
432 433
428 432
158 432
428 433
158 433
158 428
302 428
307 428
302 432
302 307
158 302
307 432
158 307
195 196
158 195
158 196
1234 1290
578 1234
1236 1678
1236 1431
1431 1678
1363 2350
1004 1363
1343 1363
1003 1363
1004 1343
1003 1343
308 1343
1343 1469
1095 1343
308 1469
308 1095
1095 1469
615 2360
615 2354
555 615
459 2356
459 1469
459 1364
1469 2356
1364 2356
1364 1469
453 761
308 453
453 481
308 761
481 761
308 481
453 2651
453 2360
2360 2455
453 555
555 2455
453 2455
453 1124
1124 1567
109 453
453 1358
453 791
109 1358
109 791
791 1358
453 577
558 577
577 2327
577 2015
453 558
453 2327
453 2015
558 2327
558 2015
2015 2327
792 1360
798 1360
792 798
2040 2360
672 2360
672 2040
1715 2360
672 1715
574 2360
1006 2360
574 1006
459 732
20 459
334 459
20 732
20 334
672 1004
672 1003
1004 1364
1004 1661
1003 1364
1003 1661
1364 1661
555 614
36 667
667 2227
1592 1600
1592 1606
672 1592
1600 1606
672 1600
672 1606
409 1592
407 1592
409 1285
407 409
407 1285
672 1290
574 672
574 2040
1606 2667
687 2667
687 1606
964 1573
964 966
965 1573
966 1573
910 1573
965 966
910 966
910 1253
966 1253
964 981
965 981
966 981
910 981
1140 1253
764 1253
764 1140
910 1140
764 910
636 1573
636 910
636 2687
910 2687
192 2214
193 2214
193 489
46 193
193 1815
46 489
489 1815
46 1815
86 652
1844 1845
68 1844
68 1845
68 879
68 157
68 766
879 1845
157 879
766 879
157 1845
766 1845
68 1779
1779 1780
68 1780
68 1966
68 978
68 979
68 121
978 1966
979 1966
121 1966
978 979
121 978
121 979
496 663
496 503
503 663
496 2393
1818 2393
503 2393
503 1818
1952 2393
1818 1952
503 1896
39 269
793 1646
728 1646
1016 1646
1466 1646
793 1466
728 1466
1016 1466
1016 1218
1023 1029
41 48
48 1029
41 1029
1504 1506
1504 1507
1503 1504
1506 1507
1503 1506
1503 1507
1504 1525
1506 1525
1503 1525
1308 1506
1308 1503
1308 1504
1636 2607
2607 2615
1647 2607
1636 2615
1636 1647
1647 2615
1569 1636
1112 1569
314 1569
1182 1569
1112 1636
314 1636
1182 1636
314 1112
1112 1182
314 1182
256 1636
256 983
983 1636
256 887
887 1636
1569 1647
314 1647
1182 1647
1389 1421
607 1389
607 1421
109 2040
109 1658
25 109
109 114
109 560
539 883
539 1453
883 1453
645 2559
1324 2559
1527 2559
772 1324
1324 1527
419 1324
419 1326
419 1527
419 2559
1324 1326
1326 1527
1326 2559
260 772
260 1527
772 2088
2088 2166
772 2166
730 1285
350 730
350 1285
411 2306
409 444
405 409
405 444
407 411
407 1875
1891 2553
407 2553
407 1891
462 2178
1718 2178
409 2178
411 2178
462 1718
409 462
411 462
409 1718
411 1718
409 411
58 200
200 411
200 206
58 411
58 206
206 411
411 1464
1037 1464
411 1037
41 904
904 2153
904 1713
892 904
41 2153
41 1713
41 892
1713 2153
892 2153
892 1713
41 126
1716 2153
1713 1716
41 1716
41 2002
1716 2002
138 904
904 1716
41 138
138 1713
138 1716
904 1372
41 1372
41 759
138 2153
48 2348
490 2164
490 734
492 734
492 2419
788 2419
1268 2419
492 788
2186 2187
693 2187
418 654
577 2461
1086 2461
1078 1086
1078 2461
1076 2461
1076 1086
577 632
442 632
632 2462
442 577
577 2462
442 2462
558 1290
557 558
62 558
557 1290
62 1290
62 557
641 704
558 704
558 641
558 782
327 558
577 782
327 577
327 782
558 1550
641 848
641 642
641 1574
642 1574
656 1581
1931 2624
2252 2624
2269 2624
1277 2624
1931 2252
1931 2269
1277 1931
2252 2269
1277 2252
1277 2269
1921 1931
1249 1931
164 1170
1170 2509
1170 1198
164 2509
164 1198
1198 2509
1198 1697
1198 1559
741 1700
1700 1704
745 1700
687 1700
741 1704
741 745
687 741
745 1704
687 1704
129 745
538 745
129 538
745 1933
257 745
745 1591
257 1933
1591 1933
257 1591
745 1884
745 1885
1884 1885
745 2579
157 560
214 560
560 766
157 214
214 766
1121 1344
1344 2706
540 1344
1344 1345
1344 1354
1344 1348
1345 1354
1345 1348
1348 1354
1046 1345
1047 1345
1046 1047
540 1345
540 2706
540 1121
629 1348
801 1377
1377 1642
1354 1377
534 1377
801 1642
801 1354
534 801
1354 1642
534 1642
534 1354
1138 1354
1047 1354
1047 1138
1121 1354
1121 1138
585 1354
1354 1680
1674 1680
1354 1674
82 1554
102 1595
1595 2675
1595 2006
102 2675
102 2006
2006 2675
102 1908
102 1862
102 1644
1644 1862
1862 2675
1595 1862
1644 2675
1595 1644
308 1003
1003 2653
308 2653
1003 1848
1004 1848
1007 2282
485 2380
485 1838
485 1908
485 2558
1838 2380
1908 2380
2380 2558
1838 1908
1838 2558
1908 2558
485 2561
1838 2561
719 1908
485 719
719 2380
485 1527
1527 2380
719 1527
1527 1908
2220 2226
995 2226
995 2220
129 2220
2175 2220
860 2220
860 2175
1595 1964
1964 2675
1644 1964
1862 1964
1644 1812
862 1644
1019 2675
1019 1644
217 763
217 1879
763 1879
2060 2066
2052 2066
2061 2066
2052 2060
2060 2061
2052 2061
858 2303
495 2016
464 2016
342 2016
729 2016
464 495
342 495
495 729
342 464
464 729
342 729
467 2115
339 495
467 495
495 573
339 467
339 342
339 573
342 467
467 573
342 573
1993 2115
270 2115
342 2115
270 1993
467 1993
342 1993
270 467
270 342
560 1452
157 1452
560 2315
204 675
204 2049
204 2215
1290 2329
661 1290
661 2423
1050 2707
331 2707
331 1493
1493 2707
157 1340
14 157
101 2596
157 2596
101 157
157 2428
157 1079
740 1452
246 1452
157 740
246 740
157 246
157 2056
88 157
157 2532
160 1857
78 160
78 1857
160 214
78 214
160 2540
125 160
160 2020
125 2540
2020 2540
125 2020
1059 1284
607 1059
607 1284
524 1284
934 1079
1079 2175
934 2175
1019 1112
1112 2530
331 1112
1118 2135
2011 2182
1026 1095
798 1095
624 659
627 1569
159 2543
671 1697
804 1697
740 804
804 1559
2428 2658
2430 2658
2428 2430
636 764
636 703
415 2673
415 1690
415 1178
1690 2673
1178 2673
1178 1690
1954 2696
615 2696
615 1954
664 1593
664 1954
1593 1954
2222 2305
1954 2222
2179 2222
2092 2327
1124 1566
188 2361
185 577
324 577
332 577
185 324
185 332
324 332
143 350
350 351
350 1990
350 1718
1718 1990
1461 1593
227 2131
1307 1595
1462 1595
1422 1595
1307 1462
1307 1422
1422 1462
14 268
14 299
14 1006
14 574
250 1116
14 250
14 1116
2107 2496
14 2496
14 2107
1908 2017
1086 2017
1908 1909
1086 1908
1086 1909
1086 1582
1910 2506
2375 2506
1910 2375
1910 2366
2366 2661
2366 2506
399 1250
522 1419
522 684
522 1425
522 1427
684 1419
1419 1425
684 1425
684 1427
1425 1427
161 1425
161 779
161 1550
779 1425
1425 1550
779 1550
613 2496
268 2496
1878 2496
613 1878
613 2107
268 1878
268 2107
1878 2107
15 1176
15 1815
15 129
15 2165
15 2044
1050 1724
1827 2509
574 1827
574 2509
2178 2181
1793 2178
2254 2265
1303 2265
1303 2254
809 1321
809 1129
1129 1321
809 1615
441 809
441 1321
809 812
809 814
809 1365
809 1341
812 814
812 1365
812 1341
814 1365
814 1341
1341 1365
809 1080
1080 1321
1080 1129
812 1321
812 1129
985 2674
159 985
159 2674
129 1409
538 2165
129 2624
1153 2624
537 2624
538 2624
129 1153
129 537
537 1153
538 1153
537 538
2307 2351
540 1640
670 1640
1047 1640
540 670
540 1047
670 1047
62 332
62 326
326 332
327 332
326 327
881 2624
881 1411
881 2397
881 2405
1411 2397
1411 2405
2397 2405
881 1119
1119 2397
1058 2129
881 2129
881 1058
538 1969
1116 1461
4 250
107 108
250 1701
250 1591
1591 1701
1172 2341
1268 2341
1268 2221
2221 2341
1757 2341
1268 1757
1206 1409
415 1409
415 1206
189 712
712 2102
415 712
189 2102
189 415
415 2102
380 1178
380 415
1831 1836
55 1831
1831 2334
415 1831
55 1836
1836 2334
415 1836
55 2334
55 415
415 1832
1832 2334
1831 1832
219 415
725 759
161 759
161 358
161 1255
358 759
759 1255
358 1255
759 2578
2578 2679
759 2679
1148 1640
1640 1648
1148 1648
1047 1148
1047 1648
1569 1679
1569 1684
1679 1684
314 1679
1182 1679
314 1684
1182 1684
1008 1010
1010 1569
33 832
36 832
832 1591
33 36
33 1591
36 1591
1052 1701
1527 2169
260 1894
260 2088
260 2166
1894 2088
1894 2166
1527 1894
1527 2088
1527 2166
909 913
913 1894
913 1527
909 1894
909 1527
1326 2166
260 1326
260 398
248 260
398 1326
248 1326
398 1527
248 398
248 1527
1867 1869
2242 2506
2242 2366
717 2605
538 1689
219 1689
2021 2049
2049 2337
2021 2337
382 2132
848 1025
848 1586
848 1027
1025 1586
1025 1027
1027 1586
291 538
538 712
712 1662
538 1662
1301 1595
1528 1595
360 1528
360 1595
1550 1702
2243 2466
885 2466
885 2243
803 1439
1439 1563
243 1439
18 866
389 1064
107 389
389 623
389 2293
107 1064
623 1064
1064 2293
107 623
107 2293
623 2293
930 1254
1326 1894
364 365
364 366
365 366
365 2112
954 2558
646 2558
646 954
1178 2211
1178 2598
1178 1231
2211 2598
1231 2211
1231 2598
995 1178
995 2598
995 1231
1178 1277
1178 1737
1178 1736
995 1736
995 2470
2470 2598
1231 2470
1178 2470
1178 1495
995 1495
2175 2641
1257 1911
1911 2261
1911 2175
1696 1940
1696 2175
1940 2175
2261 2379
2133 2379
1911 2379
2175 2379
2133 2261
1911 2133
2133 2175
188 2175
1184 1784
1184 2133
1784 2133
934 1184
974 1184
55 1184
934 974
55 934
934 1784
55 974
974 1784
55 1784
1184 1911
934 1911
764 1515
1796 2334
1161 2326
2149 2194
2190 2194
2149 2190
2189 2194
2149 2189
2189 2190
86 249
2128 2319
2128 2130
2128 2131
2130 2131
1265 1725
880 1523
120 177
120 2259
177 2259
1177 1620
1134 2429
2317 2429
1404 2429
2165 2429
1404 2165
1601 2329
675 1601
551 2551
339 1602
339 1326
339 971
971 1326
729 1993
276 1993
276 342
276 729
398 2088
1326 2088
342 2088
342 398
398 2166
342 1326
342 2166
778 1027
778 967
967 1027
2249 2250
2249 2252
2249 2259
2238 2249
2250 2252
2250 2259
2238 2250
2252 2259
2238 2252
2238 2259
299 1827
1827 2511
299 2511
1853 2511
2418 2511
2141 2511
2005 2418
2005 2511
1528 1532
689 2630
689 1625
36 1052
299 574
1015 1654
1338 1654
784 917
784 1654
784 1015
917 1654
917 1015
121 1656
1806 2579
1007 1489
1326 2167
1747 2069
1326 1747
1326 2069
248 2434
1326 2434
643 2556
275 573
275 279
279 573
101 916
916 2596
1764 1770
1765 1770
1764 1765
30 32
447 1471
693 1471
314 1244
348 1244
1668 2176
1268 2108
623 1898
1268 1898
1898 2292
1898 2108
623 1268
623 2292
623 2108
1268 2292
2108 2292
719 1666
719 1618
719 2021
1696 1775
1775 1793
1775 1795
439 2590
1550 1555
684 1550
793 1455
793 1167
793 1069
1069 1153
1153 1685
1474 1728
1473 1728
793 1474
793 1473
1473 1474
793 1980
188 1980
857 1483
1052 2576
429 1333
1146 1252
1539 2438
1800 2016
253 489
253 1815
238 489
301 489
238 301
934 2598
934 2407
934 2604
934 2330
2407 2598
2598 2604
2330 2598
2407 2604
2330 2407
2330 2604
912 1891
912 2044
1891 2044
1696 2330
1696 2604
1696 2598
1631 1696
1631 2604
1631 2598
748 2660
137 416
416 748
416 1713
416 1716
137 748
137 1713
137 1716
748 1713
748 1716
1891 1968
1968 2619
990 1968
1891 2619
990 1891
990 2619
912 1149
912 1630
1149 1630
324 1898
326 1898
324 326
995 2065
1231 2065
324 327
324 389
332 389
327 2292
952 1937
332 952
623 952
332 1937
623 1937
332 623
802 993
2337 2662
527 2337
2337 2611
2337 2459
527 2662
2611 2662
2459 2662
527 2611
527 2459
2459 2611
123 2459
261 687
1804 1805
137 1926
138 1926
1926 1933
1926 1941
137 138
137 1933
137 1941
138 1933
138 1941
1933 1941
137 2510
137 1913
138 2510
138 1913
1713 2510
1913 2510
1713 1913
922 923
100 758
100 265
100 1980
265 1980
1301 1663
161 1015
161 2448
2285 2448
161 2285
380 1728
380 1473
1134 1738
1409 2200
1221 2200
1221 1409
379 756
668 1724
2481 2528
1063 1175
99 2592
99 2679
99 784
784 1619
784 1614
99 1619
99 1614
1614 1619
99 1722
1722 1723
99 1723
99 894
358 894
99 358
2236 2262
346 363
77 346
143 346
77 363
143 363
77 143
340 341
341 709
340 709
283 1990
2268 2275
1120 2268
58 805
58 1774
805 1774
58 571
524 1169
38 273
1172 1294
515 623
1747 2434
152 1384
1718 2285
962 1252
820 962
820 1252
1159 1252
1404 2058
757 2058
188 1404
188 757
757 1404
838 1714
417 508
508 2326
1034 1533
873 1520
1058 1520
595 1990
2189 2668
2190 2668
1536 2667
1536 1663
1663 2667
1461 1511
1139 1598
1139 1572
272 1551
1928 2124
1176 1866
1005 1382
209 2407
714 1216
714 1218
1216 1392
1218 1392
714 1392
1218 1530
1218 1796
714 1796
1613 1619
1784 2216
1840 2216
1839 2216
1784 1840
1784 1839
1839 1840
2470 2646
2470 2643
1260 1262
2133 2392
2206 2392
2133 2206
2206 2379
2697 2698
1759 2697
916 2374
916 2373
468 888
888 1372
468 1372
888 1713
888 1716
491 2025
468 2025
468 491
2153 2219
2153 2510
2153 2318
2219 2510
2219 2318
2318 2510
2022 2153
2022 2219
2008 2153
2008 2219
2247 2263
1713 2362
1716 2510
1761 2234
1761 2235
126 1761
2234 2235
126 2234
126 2235
468 2318
115 1906
833 1796
589 592
592 1509
1999 2003
371 2373
371 2374
371 2239
2373 2374
1373 2373
1373 2374
1315 2562
2452 2562
1315 2452
1777 1802
914 1551
571 2694
571 2495
571 1762
1762 2495
19 1762
19 2495
1477 1485
1884 1886
1885 1886
