163 538 2
219 538 3
163 219 6
163 1114 2
427 881 1
881 2667 1
163 881 1
427 2667 1
163 427 3
163 2667 1
163 343 5
163 1305 4
163 1303 1
343 427 2
427 1305 1
427 1303 1
343 1305 2
343 1303 1
1303 1305 1
163 1136 10
163 566 1
566 1206 1
163 1206 1
523 1409 1
1409 2220 1
163 1409 1
523 2220 1
163 523 4
163 2220 3
129 163 4
129 1969 1
129 2165 3
129 1719 1
163 1969 2
163 2165 1
163 1719 1
1969 2165 1
1719 1969 1
1719 2165 1
163 1834 1
55 1834 1
55 163 1
163 1153 12
100 1153 1
1153 1380 1
1153 1379 1
100 163 1
163 1380 2
163 1379 1
100 1380 1
100 1379 1
1379 1380 1
163 1184 4
188 1184 2
163 188 7
163 2490 1
1728 1729 1
163 1728 4
1016 1728 1
793 1728 2
163 1729 1
1016 1729 1
793 1729 1
163 1016 7
163 793 15
793 1016 5
163 2409 1
501 2409 1
503 2409 1
163 501 1
163 503 2
501 503 1
145 2529 1
163 2529 1
2164 2529 1
145 163 10
145 2164 1
163 2164 1
582 2067 1
163 582 2
430 582 1
163 2067 1
430 2067 1
163 430 3
793 1696 1
1130 1696 1
163 1696 5
793 1130 2
163 1130 1
163 1523 3
163 1424 1
1424 2205 1
727 1424 1
163 2205 1
163 727 1
727 2205 1
1696 1936 1
163 1936 1
163 744 3
744 2030 3
743 744 3
163 2030 5
163 743 2
743 2030 2
163 764 1
1184 1533 1
846 1184 1
163 1533 2
163 846 5
846 1533 1
163 934 1
163 965 4
163 910 5
910 965 8
163 1249 1
1249 1715 1
1249 1592 1
793 1249 1
163 1715 1
163 1592 1
1592 1715 1
793 1715 1
793 1592 1
1257 1696 2
1696 1771 1
163 1257 3
1257 1771 1
163 1771 1
145 2280 1
163 2280 1
163 1441 1
1380 1441 1
941 1441 1
163 941 1
941 1380 1
1136 1946 1
1136 1796 1
163 1946 1
1796 1946 1
163 1796 1
163 2237 1
163 2298 1
163 537 1
1136 1305 2
1016 1153 3
793 1153 5
1216 1218 3
163 1216 1
343 1216 1
1216 2202 1
163 1218 3
343 1218 1
1218 2202 1
163 2202 3
343 2202 2
1696 2211 1
995 1696 1
163 2211 1
163 995 1
995 2211 2
938 1153 1
728 1153 1
163 938 2
163 728 2
728 938 1
793 938 1
728 793 2
163 168 1
523 565 11
163 565 1
565 902 1
523 902 1
163 902 2
163 636 2
636 2204 1
636 846 2
163 2204 1
846 2204 1
163 294 1
163 1462 1
163 569 1
163 826 1
163 828 1
569 1462 1
826 1462 1
828 1462 1
569 826 2
569 828 1
826 828 2
163 1117 1
163 1333 4
1117 1333 1
163 1583 2
163 2396 1
1583 2220 1
219 2220 1
2220 2396 1
219 1583 1
1583 2396 1
219 2396 1
289 1534 2
163 1534 1
582 1534 1
163 289 1
289 582 1
37 163 1
38 163 1
163 247 2
37 38 1
37 247 1
37 219 1
38 247 1
38 219 1
219 247 1
503 1952 2
163 1952 1
1583 1952 1
503 1583 1
163 1060 2
163 2039 1
1060 2039 1
42 129 1
129 144 1
129 189 1
42 163 1
144 163 1
163 189 3
42 144 1
42 189 1
144 189 2
247 910 2
163 1784 1
132 163 1
143 163 1
132 143 1
163 1224 1
638 1224 1
163 638 1
163 1113 1
793 1113 1
163 378 1
378 1333 1
378 430 1
430 1333 1
188 793 3
189 793 2
188 189 2
163 659 1
163 2058 2
411 2058 1
163 411 1
163 1646 1
744 2659 2
163 2659 2
2030 2659 2
163 1139 1
1016 1106 1
728 1016 3
163 1106 2
728 1106 1
15 1728 1
15 163 1
188 523 1
163 2173 1
636 2173 1
846 2173 1
145 1333 1
1016 1136 1
163 191 3
163 686 1
163 1947 1
430 686 6
430 1947 1
686 1947 1
129 191 1
163 1980 1
793 1685 2
163 1685 2
1696 2361 1
163 2361 1
1257 2361 1
163 964 1
964 965 5
902 964 2
910 964 6
902 965 2
902 910 3
846 2058 1
219 2058 1
188 2058 2
219 846 1
188 846 1
188 219 1
163 1069 2
422 793 1
163 422 1
207 1728 1
163 207 1
163 1466 1
163 1558 1
163 1159 1
1159 1558 1
1178 1184 1
1184 2175 2
163 1178 2
1178 2175 1
163 2175 2
380 1184 1
163 380 3
1063 1153 1
1106 1153 1
1153 1305 1
163 1063 1
1063 1106 1
1063 1305 1
1106 1305 1
163 1911 2
163 1839 1
1911 2220 1
1839 2220 1
1839 1911 1
163 2152 1
1533 2152 1
2152 2470 1
163 2470 1
1533 2470 1
189 191 1
1305 1911 1
343 1911 1
380 938 1
938 2267 1
163 2267 1
380 2267 1
163 1850 1
145 2248 1
163 2248 1
2248 2251 1
145 2251 1
163 2251 1
1218 2089 2
163 2089 2
1114 2334 2
163 2334 1
145 2089 1
145 1218 1
380 1153 1
1257 2261 3
1257 2175 3
163 2261 1
2175 2261 4
163 967 1
163 237 1
237 965 1
965 1136 1
965 1523 1
237 1136 1
237 1523 1
1136 1523 1
163 1890 1
1060 1890 1
1890 2254 1
163 2254 1
1060 2254 1
163 1775 1
1728 1793 1
1728 1795 1
1793 1795 3
163 1793 1
163 1795 1
1069 1685 2
743 2659 1
163 262 1
163 578 1
578 1136 1
578 793 1
578 1467 1
163 1467 1
793 1136 1
1136 1467 1
793 1467 1
163 961 1
961 988 1
163 988 1
163 717 1
188 717 1
793 1333 1
168 745 1
168 2603 1
168 2613 1
168 1663 1
745 2603 1
745 2613 1
745 1663 1
2603 2613 1
1663 2603 1
1663 2613 1
1859 1860 1
552 1859 1
82 1859 1
565 1859 1
552 1860 1
82 1860 1
565 1860 1
82 552 3
552 565 20
82 565 6
455 552 1
552 2537 1
552 2666 1
2537 2666 1
552 650 1
552 566 7
552 1006 1
566 650 1
650 1006 1
566 1006 1
410 552 3
471 552 1
410 565 2
410 471 1
471 565 4
82 410 1
552 1378 2
565 1378 5
82 1378 2
552 554 3
210 552 1
210 565 1
490 552 1
45 552 1
295 552 2
45 490 1
295 490 1
45 295 1
406 552 1
552 2480 1
552 1697 1
466 552 1
466 1697 1
566 1697 1
466 566 1
162 294 1
162 552 1
162 565 1
162 566 1
294 552 7
294 565 13
294 566 8
565 566 10
552 875 2
565 875 1
294 875 1
552 2341 1
167 552 1
1378 2341 1
167 1378 1
167 2341 1
465 552 2
465 565 7
294 465 5
60 552 1
207 552 1
412 552 1
60 207 1
60 566 1
60 412 1
207 566 1
207 412 1
412 566 1
552 738 3
565 738 10
294 1573 1
552 1573 1
764 1573 2
1573 2687 3
294 764 1
294 2687 1
552 764 1
552 2687 1
764 2687 2
552 1459 6
552 2485 1
483 552 3
1459 2485 1
483 1459 1
483 2485 1
552 967 2
565 1459 5
967 1459 1
565 967 2
552 562 3
562 565 3
295 738 1
738 1459 1
63 738 1
295 1459 2
63 295 1
63 552 1
63 1459 1
562 1459 1
562 566 1
566 1459 3
552 559 1
554 1459 1
554 559 1
559 1459 1
136 552 1
552 1259 1
479 552 1
136 1259 1
136 565 2
136 479 1
565 1259 1
479 1259 2
479 565 2
552 1649 1
552 2658 1
1649 2658 1
565 1649 2
565 2658 1
483 565 1
465 566 1
738 843 1
173 738 1
552 843 1
173 552 1
173 843 1
565 843 1
173 565 3
3 611 1
552 611 1
611 1741 1
565 611 2
3 552 1
3 1741 1
3 565 1
552 1741 1
565 1741 2
562 875 1
554 967 1
57 967 1
57 552 1
554 565 2
57 554 1
57 565 1
294 483 1
483 523 1
483 567 1
294 523 3
294 567 3
523 552 1
552 567 1
523 567 1
295 2406 1
2406 2474 1
1459 2406 1
1983 2406 1
295 2474 1
295 1983 1
1459 2474 1
1983 2474 1
1459 1983 1
1459 2404 1
1459 1527 1
566 2404 1
1527 2404 1
566 1527 1
898 1649 1
523 1649 1
1459 1649 1
523 898 1
898 1459 1
523 1459 1
162 875 1
162 1459 1
875 1459 1
1378 1459 1
1118 1378 1
1118 1459 1
565 1118 1
294 611 1
611 1459 1
566 611 1
294 1459 2
490 1459 1
490 492 3
492 1459 1
558 1459 1
1459 1687 1
558 1687 1
465 1459 1
1459 1697 1
554 621 1
471 554 1
565 621 1
471 621 1
35 66 1
66 559 1
66 565 1
66 566 1
35 559 1
35 565 1
35 566 1
559 565 1
559 566 2
558 1934 1
559 1934 1
1934 2485 1
566 1934 1
558 559 1
558 2485 1
558 566 1
559 2485 1
566 2485 1
682 1859 1
682 1559 1
1559 1859 1
294 682 1
682 2647 1
294 2647 1
87 638 1
87 631 1
631 638 1
87 2243 1
2243 2471 1
87 2471 1
1994 1995 2
1800 1994 1
1800 1995 1
1800 2301 2
1995 2301 1
479 523 1
523 1687 2
929 2118 1
71 929 1
523 929 1
565 929 1
71 2118 1
523 2118 1
565 2118 1
71 523 1
71 565 1
523 882 1
565 882 3
523 1378 1
1378 1529 1
575 1378 1
523 1529 1
523 575 1
565 1529 1
565 575 3
575 1529 1
523 747 1
565 747 2
523 583 1
523 2624 1
523 1975 1
615 712 1
523 615 1
615 1687 1
615 2334 1
523 712 1
712 1687 1
712 2334 1
523 2334 2
1687 2334 1
523 2368 1
565 2368 1
74 523 1
74 207 1
74 565 1
74 1146 1
207 523 1
523 1146 1
207 565 1
207 1146 1
565 1146 1
417 523 1
417 2326 2
523 2326 1
22 523 1
415 523 1
22 565 1
565 2334 1
415 565 1
22 2334 1
22 415 1
415 2334 6
465 523 1
523 566 1
1408 2402 1
523 1408 1
1408 1931 1
523 2402 1
1931 2402 1
523 1931 1
125 608 1
133 608 1
125 133 1
608 611 3
157 608 1
608 2095 1
157 611 3
611 2095 1
157 2095 1
74 608 2
608 747 1
90 608 1
74 747 2
74 90 1
90 747 1
76 608 1
608 1079 2
608 668 1
74 76 4
74 1079 2
74 668 4
76 1079 1
76 668 1
668 1079 2
331 608 1
331 611 1
608 2378 1
608 1935 1
608 719 1
1935 2378 1
719 2378 1
1079 2378 1
719 1935 1
1079 1935 1
719 1079 1
611 1672 3
1564 1672 1
1565 1672 1
611 1564 1
611 1565 1
1564 1565 1
611 2260 1
74 611 2
611 1579 1
427 611 2
611 1079 3
74 1579 1
74 427 1
427 1579 1
1079 1579 1
427 1079 1
611 1935 1
611 2055 1
271 611 1
611 2499 3
359 611 1
359 2499 9
611 2432 1
611 745 4
611 2611 1
407 611 1
611 639 1
745 2611 1
407 745 1
639 745 1
407 2611 1
639 2611 1
407 639 1
611 2378 2
745 747 12
611 747 3
611 1644 1
611 2423 1
1644 2423 2
160 611 1
157 160 1
611 2676 1
2499 2676 2
1488 2378 1
611 1488 1
1488 1910 1
1910 2378 1
611 1910 1
611 1606 1
1606 1718 1
611 1718 1
1672 2674 1
611 2674 1
611 696 1
696 747 1
611 1732 1
611 1593 1
745 1672 1
687 1672 1
687 745 5
611 687 1
611 1490 1
980 1490 1
427 1490 1
611 980 1
427 980 1
560 611 1
611 1725 1
611 1306 1
611 1050 1
611 1310 1
1050 1306 1
1306 1310 1
1050 1310 2
611 668 1
668 2452 1
611 2452 1
1079 2452 1
745 2538 1
611 2538 1
1138 1148 1
1138 1534 1
486 1138 1
1148 1534 1
486 1148 1
486 1534 3
1497 1498 1
1497 1534 1
1498 1534 1
1534 1537 2
583 1534 1
289 486 2
289 583 3
486 583 3
578 717 2
578 1534 1
717 1534 1
612 1537 1
1535 1537 3
612 1534 1
612 1535 1
1534 1535 1
285 1534 1
30 1534 1
30 285 2
285 486 2
30 486 4
289 612 1
289 717 1
289 2544 1
583 612 1
612 717 1
612 2544 1
583 717 1
583 2544 1
717 2544 1
1345 2706 2
612 1345 1
1121 1345 2
612 2706 1
1121 2706 3
612 1121 1
402 2309 2
402 2302 1
2302 2309 1
934 2302 1
2302 2317 1
294 2302 1
934 2317 1
294 934 1
294 2317 1
2047 2302 1
403 2302 1
402 712 1
712 2309 1
219 2170 1
2170 2309 1
1175 2170 1
219 2309 1
219 1175 1
1175 2309 1
2527 2649 1
735 2649 2
735 2527 1
1961 2527 1
1847 2537 2
1927 2537 1
1847 1927 1
1560 2537 1
1560 2695 1
2537 2695 1
1846 2537 1
1846 1847 1
761 1560 1
109 1560 1
672 1560 2
109 761 1
672 761 1
109 672 1
786 1560 1
1003 1560 1
1004 1560 1
786 1003 1
786 1004 1
1003 1004 7
1702 2657 1
1560 2657 1
2423 2657 1
1592 2657 1
1560 1702 1
1702 2423 1
1592 1702 1
1560 2423 1
1560 1592 1
1592 2423 1
549 672 3
569 672 1
25 672 1
549 569 1
549 1560 1
25 549 1
569 1560 1
25 569 2
25 1560 1
228 2057 1
638 2057 1
228 638 1
1897 2182 1
1003 2182 1
1004 2182 1
638 2182 1
1003 1897 2
1004 1897 1
638 1897 1
638 1003 1
638 1004 1
638 1644 1
15 1644 2
15 638 1
1812 2423 1
986 1812 1
1019 1812 1
638 1812 1
986 2423 1
1019 2423 2
638 2423 1
986 1019 1
638 986 1
638 1019 1
635 638 4
638 2210 1
638 1643 1
1643 1687 2
638 1687 1
478 638 2
638 672 1
418 1428 1
418 1269 1
344 418 1
418 638 1
1269 1428 1
344 1428 4
638 1428 1
344 1269 2
638 1269 1
344 638 5
638 848 1
847 848 2
638 847 1
638 1893 1
102 638 1
102 1893 1
344 2032 1
638 2032 1
142 638 1
438 638 2
378 638 2
142 438 2
142 378 1
142 478 2
378 438 2
438 478 2
378 478 3
227 1236 1
227 692 1
227 438 1
227 638 1
692 1236 1
438 1236 1
638 1236 1
438 692 1
638 692 1
638 2673 1
686 2673 1
638 686 1
638 1569 1
747 1203 2
638 747 1
542 747 1
638 1203 1
542 1203 1
542 638 1
430 638 1
430 635 9
322 1322 1
322 1336 1
322 378 1
322 638 1
1322 1336 1
378 1322 1
638 1322 1
378 1336 1
638 1336 1
344 1259 1
1081 1259 1
1082 1259 3
638 1259 1
344 1081 1
344 1082 1
1081 1082 1
638 1081 1
638 1082 1
344 1007 1
638 1007 2
638 2426 1
1007 2426 1
638 1539 1
566 638 1
479 638 1
566 1539 1
479 1539 2
479 566 1
294 747 7
745 1052 1
205 745 1
747 1052 1
205 747 1
205 1052 1
747 2499 1
359 747 2
624 881 2
624 747 3
572 624 1
747 881 2
572 881 1
572 747 1
15 747 1
659 747 2
747 1967 1
659 1967 1
655 747 1
294 2536 1
747 2536 1
565 2536 3
567 2536 1
567 747 1
565 567 2
747 2612 2
747 2619 1
747 2346 1
659 2346 1
747 2024 1
427 747 11
294 427 1
294 588 2
588 747 2
566 747 3
566 588 2
719 747 1
354 576 2
359 576 1
576 747 1
576 731 1
354 359 1
354 747 1
354 731 1
359 731 2
731 747 1
477 747 1
624 625 1
624 879 1
625 747 1
625 879 1
747 879 1
1656 2662 2
747 1656 1
1656 1968 1
747 2662 1
1968 2662 1
747 1968 1
747 1879 1
747 771 2
72 745 1
72 202 1
72 747 2
202 745 1
202 747 2
687 747 1
72 204 1
72 427 1
204 747 2
204 427 2
202 1645 1
202 2410 1
747 1645 1
747 2410 1
1645 2410 1
745 771 1
217 747 1
427 745 4
779 1203 1
747 779 1
294 699 1
699 747 1
566 699 1
668 747 1
122 745 2
127 745 1
122 747 2
122 127 2
127 747 1
18 745 2
18 747 1
18 122 1
63 747 1
63 294 1
747 2191 1
66 2520 1
66 688 1
688 835 1
66 835 1
66 2529 1
649 2529 1
2380 2529 1
1140 2529 1
66 649 1
66 2380 3
66 1140 1
649 2380 1
649 1140 1
1140 2380 1
66 2061 1
66 696 1
66 478 1
2061 2380 1
696 2380 1
478 2380 1
696 2061 1
478 2061 2
478 696 1
66 2583 1
66 318 1
66 2607 1
318 2583 3
2583 2607 1
318 2607 1
66 887 1
66 1154 1
66 983 1
887 1154 1
887 983 1
983 1154 1
344 2585 1
66 344 1
66 2585 1
66 1864 1
66 75 2
66 1854 1
66 1855 1
75 1864 3
1854 1864 2
1855 1864 2
75 1854 3
75 1855 2
1854 1855 2
66 539 1
66 541 1
66 454 1
539 541 1
454 539 2
454 541 1
66 2597 1
66 430 1
66 686 1
66 1626 1
430 2597 1
686 2597 1
1626 2597 1
430 1626 1
686 1626 1
66 1377 1
75 1377 1
1377 2380 1
1377 2037 1
66 2037 1
75 2380 1
75 2037 1
2037 2380 1
66 288 1
1136 1153 1
1018 1136 1
1136 1139 1
1136 1142 1
1139 1142 1
833 1136 1
1136 1218 1
833 1218 1
155 345 1
345 452 1
345 513 1
155 452 1
155 513 1
452 513 1
345 2421 2
74 345 1
74 2421 4
345 2040 1
2040 2327 1
345 2327 1
74 1256 1
1203 1256 1
1256 2423 1
74 1203 1
74 2423 1
1203 2423 1
228 1351 1
228 1583 1
228 1207 1
228 1533 1
1351 1583 1
1207 1351 1
1351 1533 1
1207 1583 1
1533 1583 1
1207 1533 1
423 2341 1
2341 2474 1
788 2341 1
62 2341 1
423 2474 1
423 788 1
62 423 1
788 2474 1
62 2474 1
62 788 2
580 1497 1
1126 1497 2
580 1126 1
166 1496 1
1497 1554 1
1497 1553 1
1553 1554 2
581 1497 1
1215 1497 1
581 1126 1
581 1215 1
1126 1215 1
581 643 3
150 643 1
583 643 1
150 581 1
581 583 1
150 583 2
582 1125 1
817 1125 1
1125 1212 2
1125 1215 1
582 817 1
582 1212 1
582 1215 1
817 1212 2
817 1215 2
1212 1215 2
228 320 1
320 582 1
228 582 1
1498 2372 1
583 1498 1
583 2372 2
1498 2449 2
1329 1498 2
1292 1329 2
1292 1498 2
1123 1498 1
1125 1498 1
1123 1125 1
2371 2372 2
583 2371 1
284 289 1
284 486 1
284 583 1
64 486 1
64 583 1
150 1121 1
583 1121 1
1512 2508 1
344 1512 2
74 1512 1
1512 1608 1
74 1608 3
70 1512 1
70 1463 2
70 1240 1
70 347 1
1463 1512 1
1240 1512 1
347 1512 1
1240 1463 1
347 1463 1
347 1240 3
1053 1512 1
1337 1512 1
1339 1512 1
1267 1512 1
1337 1339 1
1267 1337 1
1267 1339 1
2180 2342 1
2180 2508 1
1020 2180 1
2180 2367 1
2342 2508 1
1020 2342 1
2342 2367 1
1020 2508 1
2367 2508 1
1020 2367 1
430 2508 2
431 2508 1
430 431 1
1582 2508 1
1909 2508 1
635 2508 1
430 1582 1
430 1909 1
1582 1909 3
635 1582 1
635 1909 1
160 967 1
160 2508 1
160 1644 1
15 160 1
967 2508 1
967 1644 1
15 967 1
1644 2508 1
15 2508 1
865 1505 3
649 1505 1
251 1505 2
1505 2555 1
649 865 1
251 865 3
865 2555 1
251 649 1
649 2555 1
251 2555 1
251 490 1
578 2215 1
251 578 2
414 578 1
717 2215 1
251 2215 1
414 2215 1
251 717 1
414 717 1
251 414 1
13 578 1
551 578 1
13 251 1
251 551 1
13 551 1
1312 1322 1
1312 1578 1
1312 1428 1
344 1312 2
1322 1578 1
1322 1428 2
344 1322 1
1428 1578 1
344 1578 1
228 2091 1
228 1428 1
228 344 1
228 1275 1
1428 2091 1
344 2091 1
1275 2091 1
1275 1428 1
344 1275 3
344 2080 1
344 2079 1
2079 2080 1
344 585 4
344 426 2
344 378 4
426 585 3
378 585 5
378 426 3
344 2449 1
344 2450 1
2449 2450 1
344 675 3
344 2126 1
675 2126 1
344 2663 1
1428 2663 1
344 1519 1
675 1444 1
675 1445 1
414 675 2
1444 1445 1
344 1444 1
414 1444 1
344 1445 1
414 1445 1
344 414 2
344 2329 1
344 1177 1
344 479 1
479 1177 1
585 1234 1
426 1234 3
344 1234 1
378 1234 1
585 2291 1
585 1275 2
344 2291 1
378 2291 1
1275 2291 1
378 1275 2
1312 2090 1
654 1312 1
1269 1312 1
654 2090 1
1269 2090 1
344 2090 1
654 1269 1
344 654 1
314 344 1
344 348 1
344 1061 1
314 348 2
314 1061 1
348 1061 1
344 2215 1
569 1431 1
25 1431 1
438 569 2
569 1422 2
569 2423 1
438 1422 1
438 2423 1
1422 2423 1
686 1422 1
569 686 1
686 826 1
319 686 1
826 1422 2
319 1422 1
319 569 1
319 826 1
569 1484 3
569 1290 2
453 569 5
569 1025 1
453 1290 2
1025 1290 1
453 1025 3
421 569 1
70 569 2
569 767 1
70 421 1
421 767 1
70 767 1
70 2338 1
1329 2338 2
569 2338 1
2338 2462 1
70 1329 1
70 2462 1
569 1329 1
1329 2462 1
569 2462 1
569 1356 1
1356 1484 1
456 569 1
456 2098 1
453 456 2
569 2098 1
453 2098 2
569 847 1
438 847 1
569 1312 1
418 1312 1
453 1312 1
418 569 1
418 453 1
569 1185 1
453 1006 2
453 1238 1
1006 1290 1
1238 1290 1
1006 1238 1
569 1006 1
569 1238 1
1185 1484 1
1185 1237 1
70 1185 1
1237 1484 1
70 1484 3
70 1237 1
1359 1484 1
627 1484 1
631 1484 1
1307 1484 1
627 1359 1
631 1359 1
1307 1359 1
627 631 2
627 1307 1
631 1307 1
228 1484 1
70 228 1
1484 1608 1
1608 1618 1
74 1484 1
74 1618 1
1484 1618 1
70 1000 1
70 1053 1
1000 1484 1
1000 1463 1
1000 1053 1
1463 1484 1
1053 1484 2
1053 1463 1
1484 1644 1
1053 1290 1
1290 1484 1
1290 2634 1
1053 2634 1
1484 2634 1
1267 1484 1
1484 2180 1
1238 1484 1
1267 2180 1
1238 1267 1
1238 2180 1
826 1457 1
1457 1484 1
1422 1457 1
826 1484 1
1422 1484 1
169 576 1
570 576 12
169 570 1
576 2552 1
576 1922 1
570 2552 1
570 1922 1
1922 2552 1
576 1520 11
570 1520 9
576 1524 3
570 1524 3
570 1245 1
1245 1524 1
59 1520 4
839 1520 4
59 570 3
570 839 4
59 839 2
576 834 1
576 1801 1
576 1067 3
834 1801 1
834 1067 1
570 834 1
1067 1801 1
570 1801 1
570 1067 1
576 839 4
59 576 2
1520 1524 2
476 576 1
576 676 2
476 676 3
576 808 1
576 2499 1
808 2499 1
387 576 1
839 1524 1
576 1656 1
576 1821 2
1067 1821 2
576 1814 1
1067 1520 1
1067 1814 1
1520 1814 1
1520 1821 1
1814 1821 1
576 1072 1
1072 1520 1
354 1072 1
354 1520 2
576 2024 1
576 745 2
18 576 1
576 1912 1
745 2024 1
18 2024 1
1912 2024 1
745 1912 1
18 1912 1
576 1562 1
745 1562 1
2498 2499 3
2019 2498 1
2019 2499 1
359 2498 2
2498 2500 1
2499 2500 5
359 2500 5
2422 2499 1
2422 2500 1
359 2422 1
359 2676 1
1656 2499 1
2322 2499 1
2322 2500 1
359 2322 1
989 2499 2
726 2499 2
726 989 2
726 2500 1
989 2500 1
359 726 1
359 989 1
257 2570 1
257 667 1
257 2270 1
667 2570 2
2270 2570 1
667 2270 1
2124 2570 1
74 2570 1
667 2124 1
74 667 2
74 2124 1
1706 2656 1
1699 2656 1
1122 2656 1
1699 1706 1
1122 1706 1
1122 1699 1
1122 1621 2
593 1194 1
593 1621 2
593 1122 1
1194 1621 1
1122 1194 1
539 1123 1
454 1123 1
1123 1354 3
1354 1592 1
1123 1592 1
1285 1592 3
1285 1354 1
1123 1285 1
818 1212 2
818 1125 1
818 1367 1
1212 1367 1
1125 1367 1
1125 1483 1
643 2371 1
1126 2371 1
643 1126 1
643 2372 1
1126 2372 1
922 1126 1
817 1154 1
818 1154 1
1154 1212 1
1154 1215 1
817 818 1
818 1215 1
1212 1553 1
1212 1554 1
1215 2656 1
539 1215 1
824 825 2
824 1215 1
825 1215 1
1215 1621 1
161 347 1
1240 1241 7
84 1240 3
347 1241 2
84 1241 4
84 347 1
347 513 1
325 1240 1
1240 2559 2
157 1240 1
74 1240 1
1240 1608 1
1240 1527 1
772 1240 3
645 1240 1
645 772 3
1172 1240 1
1172 1241 1
772 2559 3
161 1347 1
161 772 1
161 1240 1
161 1241 1
772 1347 1
1240 1347 1
1241 1347 1
772 1241 2
1241 1527 1
84 772 1
84 1527 1
772 1527 3
430 1322 1
1322 1328 1
1322 1329 1
1322 1337 1
430 1328 2
430 1329 1
430 1337 2
1328 1329 1
1328 1337 1
1329 1337 1
2467 2560 1
228 2560 1
1322 2560 1
140 2560 1
228 2467 1
1322 2467 1
140 2467 1
228 1322 1
140 228 1
140 1322 1
426 429 1
382 426 1
319 426 1
382 429 1
319 429 1
319 382 1
256 426 1
256 2607 1
426 2607 1
426 1595 2
426 1266 2
375 426 2
1266 1595 2
375 1595 2
375 1266 2
426 2426 2
1008 1569 2
426 1008 1
426 1569 1
426 1174 1
1174 2091 1
478 1174 1
426 2091 1
426 478 1
478 2091 1
426 1644 1
426 1919 1
1919 2426 1
1328 2583 2
1164 2151 1
1328 2151 1
2037 2151 1
1626 2151 1
1164 1328 1
1164 2037 1
1164 1626 1
1328 2037 1
1328 1626 1
1626 2037 1
843 1328 1
1111 1328 2
843 1111 1
258 1328 2
785 1328 1
1328 1812 4
634 1328 1
862 1328 3
785 1812 1
634 785 1
785 862 1
634 1812 1
862 1812 5
634 862 1
1019 1328 1
1328 1431 1
1111 1431 1
1328 1601 1
1601 1812 1
862 1601 1
1328 1570 2
1328 1339 1
258 1339 1
258 1570 1
1339 1570 1
1053 1328 1
430 1053 1
1155 1328 2
1328 1407 1
1155 1812 3
1155 1407 1
1407 1812 1
862 1155 2
318 1328 1
74 2338 1
1053 2338 1
1335 2338 2
74 1053 1
74 1335 1
1053 1335 2
1336 2338 1
1335 1336 1
2017 2338 1
1582 2017 1
1909 2017 2
1339 2017 1
1582 2338 1
1909 2338 1
1339 2338 2
1339 1582 1
1339 1909 1
2338 2343 1
1339 2343 1
427 1810 1
477 1810 1
427 477 2
427 2176 1
427 2412 1
427 2410 1
204 2410 1
427 1820 1
427 2666 1
427 1879 1
427 2107 1
427 2575 1
427 1463 2
88 427 1
88 214 1
88 2239 1
214 427 1
427 2239 1
214 2239 1
427 1887 1
427 1283 6
142 1283 5
227 1283 3
142 427 6
227 427 3
142 227 3
427 1028 1
427 2049 1
427 577 2
577 772 2
577 645 1
427 772 1
427 645 1
430 1283 1
230 1283 2
427 430 1
230 427 3
230 430 1
427 843 1
566 843 1
843 2647 1
477 843 1
427 566 1
427 2647 1
566 2647 1
477 566 2
477 2647 1
427 1250 1
15 1250 1
1250 1251 1
15 427 1
427 1251 1
15 1251 1
427 2307 1
230 2307 1
427 565 1
427 2655 1
565 2655 1
107 577 1
76 577 1
76 107 1
107 427 1
76 427 1
250 427 2
250 639 1
427 639 1
108 427 1
427 1461 1
427 1912 1
108 1461 1
108 1912 1
108 250 2
1461 1912 1
250 1461 1
250 1912 1
427 2526 1
427 668 1
427 2044 1
427 687 1
668 2044 1
668 687 1
687 2044 1
427 969 1
157 427 2
427 1038 1
157 1038 1
427 2003 1
427 1600 1
427 658 1
658 1580 1
343 658 1
427 1580 1
343 1580 1
438 1283 1
142 230 2
230 438 1
427 438 1
52 136 2
136 430 1
136 1823 2
52 430 1
52 1823 2
430 1823 1
236 1107 1
430 1107 1
236 430 1
430 634 2
634 2342 1
430 2342 4
157 1562 1
430 1562 1
157 430 1
430 1860 1
686 1860 1
632 1860 1
635 1860 1
430 632 1
632 686 1
635 686 3
632 635 1
430 2622 1
430 1327 1
430 520 1
635 2342 1
686 2342 1
208 1337 1
208 1618 1
208 430 2
1337 1618 1
430 1618 1
74 430 1
88 1569 1
88 635 1
88 430 1
635 1569 2
430 1569 1
634 635 2
318 634 1
318 635 1
318 430 1
245 635 1
245 430 1
430 965 1
911 965 1
965 2192 1
635 965 1
430 911 1
430 2192 1
911 2192 1
635 911 1
635 2192 1
208 2342 1
627 2342 1
1335 2342 1
430 627 1
430 1335 1
208 627 1
208 1335 1
627 1335 1
228 430 2
228 686 1
228 478 1
430 478 1
430 1270 1
430 1271 1
1270 1271 1
478 2342 1
1109 2037 1
1109 2342 1
2037 2342 1
1335 1337 1
848 1335 3
848 1053 1
848 1223 1
1223 1335 1
1053 1223 1
1112 1335 1
848 1422 1
848 1607 1
1335 1422 1
1335 1607 1
1422 1607 1
177 1335 1
591 967 2
848 967 3
847 967 2
967 1335 1
591 848 1
591 847 2
591 1335 1
847 1335 1
1337 2636 1
479 1337 1
479 2636 1
1339 2473 1
597 2473 1
597 1339 1
1339 1678 1
438 2207 1
438 649 1
649 2061 1
478 649 1
438 2061 1
438 1378 1
294 1378 1
567 1378 2
294 438 1
438 567 1
438 1306 1
268 438 1
438 613 1
438 2046 1
268 613 3
268 2046 1
613 2046 1
378 1191 1
438 1191 1
136 2692 2
136 1102 3
1102 2692 1
985 2692 1
136 159 2
159 2692 1
740 1697 6
71 1697 2
1559 1697 3
71 740 2
740 1559 3
71 1559 1
1697 2658 1
1697 1703 1
740 2658 1
71 2658 1
1703 2658 1
740 1703 1
71 1703 1
1928 2114 1
1928 2227 1
71 1928 1
2114 2227 1
71 2114 1
71 2227 1
71 74 1
71 76 1
558 1086 1
71 558 1
71 1086 1
74 1019 1
74 1860 1
1019 1860 1
74 157 1
74 1574 1
157 1574 1
74 1252 1
74 2374 1
310 2374 1
1366 2374 1
2239 2374 2
74 310 1
74 1366 1
74 2239 1
310 1366 1
310 2239 1
1366 2239 3
74 392 1
74 2283 1
74 1293 1
74 2278 1
1293 2283 1
2278 2283 1
1293 2278 1
74 2378 1
74 134 1
74 294 1
294 688 1
294 562 1
60 294 1
74 688 1
74 562 1
60 74 1
562 688 1
60 688 1
60 562 1
74 622 2
76 2421 1
76 622 1
622 2421 1
74 1288 1
1287 1288 3
74 1287 1
74 2227 1
36 74 1
76 2227 1
36 2227 3
36 76 1
668 2421 1
74 571 1
74 1493 1
46 74 1
667 1493 1
46 667 1
46 1493 1
76 1374 1
1288 1393 3
76 1288 1
76 1393 1
76 250 1
76 423 1
423 558 2
423 2463 1
76 558 1
76 2463 1
558 2463 1
76 157 1
76 662 2
76 766 3
157 662 1
157 766 3
662 766 2
76 2417 1
766 2417 1
518 2417 1
76 518 1
518 766 1
1924 2015 1
76 2015 1
76 1924 1
76 181 1
181 662 1
181 766 1
565 807 1
294 807 1
128 294 1
128 465 1
128 565 1
128 471 1
294 471 1
465 471 1
294 2409 1
294 696 1
294 1672 1
294 2472 1
294 745 1
565 745 1
566 745 1
738 1841 2
565 1841 2
294 1841 1
294 738 1
640 2246 1
591 640 4
640 1363 1
574 640 1
591 2246 1
1363 2246 1
574 2246 1
591 1363 1
574 591 1
574 1363 1
1259 2091 1
1259 2539 1
1259 2253 1
1259 2126 1
1259 2290 1
2253 2539 1
2126 2539 1
2290 2539 1
2126 2253 2
2253 2290 1
2126 2290 1
1259 1290 1
1174 1290 1
1174 1259 1
521 1082 1
521 1259 1
479 986 1
986 1539 1
986 1259 1
1259 1539 1
1269 2509 1
453 2509 1
453 1269 2
1006 1025 1
1025 1269 1
1006 1269 1
591 2467 1
549 640 3
549 591 3
492 1309 1
492 1268 2
492 591 1
1268 1309 1
591 1309 1
591 1268 1
549 1124 1
591 1124 1
640 672 5
591 672 1
453 1661 1
453 591 1
453 1567 2
591 1661 1
1567 1661 1
591 1567 1
1897 2011 1
591 1897 1
1003 2011 1
591 1003 1
591 2011 1
109 549 2
109 591 1
1026 2356 1
798 1026 2
591 1026 1
798 2356 1
591 2356 1
591 798 1
1864 2299 2
75 2299 2
1855 2299 1
1864 2075 1
75 2075 1
2075 2299 1
1854 2299 1
1854 2075 1
1854 2482 1
1854 2123 1
1855 2123 1
12 84 1
84 99 1
1419 1427 2
84 1419 1
1238 1419 1
157 1419 1
84 1427 1
1238 1427 1
157 1427 1
84 1238 1
84 157 1
157 1238 1
1042 1043 1
1028 1042 1
1028 1043 2
1488 1490 1
1028 1488 1
1028 1490 1
1037 1043 1
206 1043 1
1028 1037 2
206 1028 1
206 1037 1
808 1300 2
359 808 2
359 1300 2
808 2454 1
1300 2454 1
359 2454 1
476 1288 1
676 1288 1
1014 1288 1
476 1014 2
676 1014 2
2057 2696 1
1234 2057 2
1510 2057 1
1234 1510 1
790 2057 1
790 1234 1
109 456 1
456 1198 1
109 1198 1
456 1363 1
456 672 1
672 1363 2
456 2182 1
1366 2373 2
1718 2373 2
668 2373 2
2239 2373 3
1366 1718 2
668 1366 3
668 1718 2
1718 2239 2
668 2239 2
465 636 3
565 636 3
636 2409 2
465 2409 2
565 2409 2
85 465 1
39 1378 1
39 565 1
1378 1533 1
974 1378 1
974 1533 1
567 1533 1
567 974 1
471 1540 1
68 471 1
471 1687 1
68 1687 1
82 471 1
3 483 1
3 333 1
3 564 1
3 477 1
333 483 1
483 564 1
477 483 1
333 564 1
333 477 1
477 564 1
477 1644 1
1644 1869 1
1644 2543 1
477 1869 1
477 2543 1
1869 2543 1
201 2024 1
477 2024 1
350 2024 1
201 477 1
201 350 1
350 477 1
477 565 1
483 875 1
483 656 1
656 1006 1
483 1006 1
1554 2605 2
562 2605 1
565 2605 1
951 2605 1
562 1554 1
565 1554 1
951 1554 1
562 951 1
565 951 1
562 1828 1
562 2014 1
1828 2014 1
414 562 1
367 562 1
367 414 1
730 2648 1
2586 2648 1
562 2648 1
730 2586 1
562 730 1
562 2586 1
910 2089 1
562 2089 1
247 2089 2
1114 2089 3
562 910 1
910 1114 1
247 562 1
562 1114 1
247 1114 2
1193 1202 1
738 1193 1
562 1193 1
738 1202 1
562 1202 1
562 738 1
134 295 1
134 565 1
134 566 1
134 2328 1
295 565 3
295 566 1
295 2328 1
565 2328 1
566 2328 1
738 804 1
565 804 1
85 565 1
295 882 2
738 1546 1
306 738 1
738 1727 1
306 1546 1
565 1546 1
1546 1727 1
306 565 1
306 1727 1
565 1727 1
656 1643 1
565 656 1
656 1687 2
565 1643 1
565 1687 1
565 1540 1
738 1649 1
63 565 1
490 565 1
565 2419 1
490 2419 1
490 1741 1
1741 2419 1
136 750 1
565 750 1
173 575 2
575 2485 1
565 2485 1
173 2485 1
173 2480 1
173 566 1
565 2480 1
566 2480 1
575 2480 1
566 575 1
738 2536 1
2536 2628 1
738 2628 1
565 2628 1
565 1718 1
1515 1581 2
566 1515 1
566 1581 1
1084 2556 1
566 1084 1
1084 2303 2
566 2556 1
2303 2556 1
566 2303 1
649 1649 1
566 1649 1
566 649 1
204 566 1
478 566 1
204 478 1
1954 2305 3
2179 2305 3
1192 2305 1
566 2305 1
1954 2179 3
1192 1954 1
566 1954 1
1192 2179 1
566 2179 1
566 1192 1
2014 2018 1
567 2018 1
567 2014 1
1491 1672 1
102 318 1
318 2135 1
102 2583 1
2135 2583 1
102 2135 3
2071 2585 1
2466 2585 1
1234 2585 1
88 2428 4
88 686 4
686 2428 4
256 1569 1
256 686 1
256 634 1
256 635 2
686 1569 1
634 1569 1
634 686 1
1155 1626 1
1626 1812 1
862 1626 1
1002 1626 1
983 1626 1
983 1002 1
1570 1626 1
318 690 1
690 1980 1
1643 1649 1
1649 1688 1
1688 1693 1
1687 1688 1
1649 1693 1
1649 1687 3
1687 1693 1
460 656 1
460 1649 1
210 460 1
460 1687 1
656 1649 1
210 656 1
210 1649 1
210 1687 1
650 1649 1
691 1649 1
650 691 1
650 1687 1
691 1687 1
924 1532 1
1569 1578 3
1061 1569 1
1061 1578 2
1010 1061 1
1010 1578 3
877 1010 1
877 1061 1
877 1578 1
109 1174 1
1442 1444 1
1174 1442 1
1174 1444 1
136 985 2
136 1174 1
985 1174 1
964 1174 1
910 1174 1
858 1368 1
1084 1368 1
318 1368 1
858 1084 2
318 858 1
318 1084 1
318 2394 1
1062 1195 1
1062 1145 1
1062 1149 1
1062 1150 1
1145 1195 1
1149 1195 1
1150 1195 1
1145 1149 1
1145 1150 1
1149 1150 1
1195 1203 1
881 1203 3
325 2076 1
645 2076 1
1527 2076 1
325 645 1
325 1527 1
645 1527 1
1287 1718 1
1287 1414 1
327 1414 1
788 1414 1
62 1414 1
327 1287 1
788 1287 2
62 1287 1
327 788 1
62 327 2
1268 1393 2
1287 1393 5
1268 1287 2
788 1288 1
1268 1288 1
788 1393 1
788 1268 2
787 1287 1
1287 1593 1
891 1287 1
787 1393 1
1393 1593 1
891 1393 1
787 1593 1
787 891 1
891 1593 1
905 1393 1
905 1287 1
250 1288 3
250 1287 1
976 1393 1
558 976 1
976 1287 1
558 1393 1
558 1287 1
577 1288 1
772 1288 1
577 1393 1
772 1393 1
107 1288 1
107 250 2
192 193 4
192 420 3
192 519 4
192 280 1
193 420 2
193 519 3
193 280 1
420 519 2
280 420 1
280 519 1
388 420 1
420 2421 1
388 2421 1
388 519 1
519 2421 1
192 2448 1
192 2549 2
193 2448 1
193 2549 2
420 2448 1
420 2549 1
2448 2549 1
519 2549 2
356 519 2
356 2223 2
519 2223 2
192 1910 1
519 1910 1
192 356 1
192 2223 1
519 2214 1
193 2421 1
314 521 1
236 521 1
431 521 1
236 314 1
314 431 1
236 431 1
2282 2426 1
837 2426 1
837 2282 1
1428 2426 1
109 2427 2
507 2427 3
109 507 1
2391 2427 2
507 2391 1
2253 2427 1
2126 2427 1
2427 2431 1
2253 2431 1
2126 2431 1
549 2391 1
549 2427 1
549 798 1
109 2391 1
109 798 1
798 2391 1
798 2427 1
1428 2589 1
1429 1434 1
256 1608 1
1608 1732 1
1608 2423 1
256 1732 1
256 2423 1
1732 2423 2
745 2586 1
745 2599 1
2586 2599 1
1908 2586 1
2586 2615 1
1908 2615 1
355 2085 2
355 2228 3
122 355 1
355 1659 2
2085 2228 2
122 2085 1
1659 2085 2
122 2228 1
1659 2228 2
122 1659 1
122 124 1
124 1916 1
124 127 1
122 1916 1
127 1916 1
3 633 1
633 749 1
295 633 1
3 749 1
3 295 1
295 749 1
2150 2305 1
1954 2150 1
2150 2179 1
875 2473 1
2150 2473 1
875 2150 1
1272 1281 1
1272 1451 1
1281 1451 2
1281 1282 3
1281 1446 1
1282 1446 1
1281 1633 1
693 1281 1
447 1281 1
1282 1633 1
693 1282 1
447 1282 1
693 1633 1
447 1633 1
447 693 2
1281 1346 2
1282 1451 1
1282 1346 2
1346 1451 1
240 2652 1
1019 1732 1
1019 1053 1
1053 1732 1
1053 2423 1
378 1292 1
378 1301 1
1292 1301 1
102 378 2
378 2135 2
378 1963 1
286 378 3
286 1963 1
378 2428 1
378 1290 3
378 1550 1
1290 1550 1
478 1290 1
378 2091 1
378 2423 1
1290 2423 2
378 1019 1
731 808 1
808 1710 1
731 1710 2
43 1710 1
43 731 1
731 2024 1
86 2649 1
196 735 2
409 826 1
136 1819 1
52 1819 1
1819 1823 1
1601 1819 1
597 1601 1
597 1819 1
136 2626 1
136 2398 1
2398 2626 1
136 2017 1
136 2543 2
1102 2017 1
2017 2543 1
1102 2543 1
136 1595 1
1595 2543 1
136 2635 1
1114 1117 3
1117 2334 2
1117 2089 2
247 1117 1
1767 1768 1
1767 2444 2
22 1767 1
247 1767 2
1768 2444 1
22 1768 1
247 1768 1
22 2444 1
247 2444 2
22 247 1
247 563 1
563 2444 1
563 1767 1
129 2451 2
129 247 2
247 2451 2
803 2089 1
243 803 2
537 803 1
803 1563 2
243 2089 1
537 2089 1
1563 2089 1
243 537 1
243 1563 2
537 1563 1
712 2089 1
712 757 1
757 2089 1
2053 2054 1
640 2054 1
549 2054 1
672 2054 1
2054 2690 1
488 2690 1
109 2690 1
2685 2690 1
488 2054 1
109 2054 1
2054 2685 1
109 488 1
488 2685 1
109 2685 1
2081 2661 1
1910 2081 2
1910 2661 4
1794 2082 2
1794 1795 2
1794 2178 2
1773 1794 1
1795 2082 2
2082 2178 1
1773 2082 1
1795 2178 2
1773 1795 1
1773 2178 1
1793 2082 1
1793 1794 2
1793 2181 2
2082 2181 1
1795 2181 2
1794 2181 2
809 2304 1
414 2304 1
919 2304 1
414 809 1
809 919 1
414 919 1
672 1539 1
672 1460 1
672 1309 1
1460 1539 1
1309 1539 1
1309 1460 1
635 1908 1
635 698 1
256 1570 1
635 1570 1
640 660 1
109 640 3
109 660 1
640 2653 1
672 2653 1
25 640 2
640 1003 1
640 732 2
25 1003 1
25 732 2
732 1003 1
267 640 1
334 640 1
267 334 1
25 267 1
267 732 1
25 334 1
334 732 2
459 640 1
459 672 1
649 2403 1
166 649 1
986 2616 1
1644 2616 2
2614 2616 2
986 1644 2
986 2614 2
1644 2614 3
986 1377 1
1377 1475 1
986 1475 1
258 555 1
14 258 7
258 2354 1
258 2360 1
14 555 1
555 2354 2
555 2360 3
14 2354 1
14 2360 1
2354 2360 2
0 258 3
0 14 3
0 751 3
258 751 3
14 751 3
258 616 1
613 616 1
14 616 1
258 613 1
14 613 2
0 8 1
8 258 1
8 14 1
8 751 1
230 478 1
230 719 1
478 719 1
142 719 1
478 843 1
740 1198 2
479 740 1
479 1198 1
954 1050 1
871 954 1
871 1050 1
432 433 1
428 432 4
158 432 3
428 433 1
158 433 1
158 428 3
302 428 1
307 428 1
302 432 2
302 307 1
158 302 1
307 432 1
158 307 1
195 196 1
158 195 1
158 196 1
1234 1290 1
578 1234 1
1236 1678 1
1236 1431 1
1431 1678 1
1363 2350 1
1004 1363 3
1343 1363 1
1003 1363 3
1004 1343 1
1003 1343 1
308 1343 1
1343 1469 1
1095 1343 1
308 1469 1
308 1095 1
1095 1469 1
615 2360 1
615 2354 1
555 615 1
459 2356 1
459 1469 1
459 1364 1
1469 2356 1
1364 2356 1
1364 1469 1
453 761 1
308 453 1
453 481 1
308 761 1
481 761 1
308 481 1
453 2651 1
453 2360 1
2360 2455 1
453 555 1
555 2455 1
453 2455 1
453 1124 1
1124 1567 1
109 453 1
453 1358 1
453 791 1
109 1358 1
109 791 1
791 1358 1
453 577 1
558 577 3
577 2327 1
577 2015 1
453 558 1
453 2327 1
453 2015 1
558 2327 1
558 2015 1
2015 2327 1
792 1360 1
798 1360 1
792 798 1
2040 2360 1
672 2360 2
672 2040 2
1715 2360 1
672 1715 1
574 2360 2
1006 2360 1
574 1006 2
459 732 1
20 459 1
334 459 1
20 732 1
20 334 1
672 1004 2
672 1003 2
1004 1364 1
1004 1661 1
1003 1364 1
1003 1661 1
1364 1661 1
555 614 1
36 667 2
667 2227 2
1592 1600 1
1592 1606 1
672 1592 1
1600 1606 1
672 1600 1
672 1606 1
409 1592 1
407 1592 1
409 1285 1
407 409 1
407 1285 1
672 1290 1
574 672 1
574 2040 1
1606 2667 1
687 2667 1
687 1606 1
964 1573 3
964 966 3
965 1573 3
966 1573 2
910 1573 4
965 966 3
910 966 4
910 1253 3
966 1253 1
964 981 1
965 981 1
966 981 1
910 981 1
1140 1253 2
764 1253 1
764 1140 1
910 1140 2
764 910 1
636 1573 2
636 910 1
636 2687 2
910 2687 1
192 2214 1
193 2214 1
193 489 1
46 193 1
193 1815 1
46 489 1
489 1815 2
46 1815 1
86 652 1
1844 1845 1
68 1844 2
68 1845 2
68 879 1
68 157 1
68 766 1
879 1845 1
157 879 1
766 879 1
157 1845 1
766 1845 1
68 1779 1
1779 1780 1
68 1780 1
68 1966 1
68 978 1
68 979 1
68 121 1
978 1966 1
979 1966 1
121 1966 1
978 979 1
121 978 1
121 979 1
496 663 2
496 503 1
503 663 1
496 2393 1
1818 2393 2
503 2393 3
503 1818 2
1952 2393 1
1818 1952 1
503 1896 1
39 269 1
793 1646 1
728 1646 1
1016 1646 1
1466 1646 1
793 1466 1
728 1466 1
1016 1466 1
1016 1218 1
1023 1029 1
41 48 1
48 1029 1
41 1029 1
1504 1506 6
1504 1507 1
1503 1504 5
1506 1507 1
1503 1506 6
1503 1507 1
1504 1525 2
1506 1525 2
1503 1525 1
1308 1506 2
1308 1503 2
1308 1504 1
1636 2607 1
2607 2615 1
1647 2607 1
1636 2615 1
1636 1647 2
1647 2615 1
1569 1636 2
1112 1569 1
314 1569 3
1182 1569 3
1112 1636 1
314 1636 2
1182 1636 2
314 1112 1
1112 1182 1
314 1182 3
256 1636 2
256 983 1
983 1636 1
256 887 1
887 1636 1
1569 1647 1
314 1647 1
1182 1647 1
1389 1421 1
607 1389 1
607 1421 1
109 2040 1
109 1658 1
25 109 1
109 114 1
109 560 1
539 883 2
539 1453 1
883 1453 1
645 2559 1
1324 2559 3
1527 2559 3
772 1324 1
1324 1527 4
419 1324 2
419 1326 1
419 1527 2
419 2559 2
1324 1326 1
1326 1527 3
1326 2559 1
260 772 1
260 1527 3
772 2088 1
2088 2166 3
772 2166 1
730 1285 1
350 730 1
350 1285 1
411 2306 1
409 444 1
405 409 1
405 444 1
407 411 1
407 1875 1
1891 2553 1
407 2553 1
407 1891 1
462 2178 1
1718 2178 1
409 2178 1
411 2178 1
462 1718 1
409 462 1
411 462 1
409 1718 1
411 1718 1
409 411 1
58 200 2
200 411 2
200 206 2
58 411 2
58 206 2
206 411 2
411 1464 1
1037 1464 1
411 1037 1
41 904 5
904 2153 2
904 1713 3
892 904 1
41 2153 3
41 1713 4
41 892 1
1713 2153 6
892 2153 1
892 1713 1
41 126 1
1716 2153 1
1713 1716 5
41 1716 3
41 2002 1
1716 2002 1
138 904 2
904 1716 1
41 138 2
138 1713 3
138 1716 1
904 1372 1
41 1372 1
41 759 1
138 2153 1
48 2348 2
490 2164 1
490 734 1
492 734 1
492 2419 1
788 2419 2
1268 2419 1
492 788 1
2186 2187 1
693 2187 1
418 654 1
577 2461 1
1086 2461 2
1078 1086 1
1078 2461 1
1076 2461 1
1076 1086 1
577 632 1
442 632 1
632 2462 1
442 577 1
577 2462 1
442 2462 1
558 1290 1
557 558 1
62 558 1
557 1290 1
62 1290 1
62 557 1
641 704 1
558 704 1
558 641 1
558 782 1
327 558 1
577 782 1
327 577 1
327 782 1
558 1550 1
641 848 1
641 642 1
641 1574 1
642 1574 1
656 1581 1
1931 2624 1
2252 2624 1
2269 2624 1
1277 2624 1
1931 2252 1
1931 2269 1
1277 1931 1
2252 2269 1
1277 2252 1
1277 2269 1
1921 1931 1
1249 1931 1
164 1170 1
1170 2509 1
1170 1198 1
164 2509 1
164 1198 1
1198 2509 1
1198 1697 1
1198 1559 1
741 1700 1
1700 1704 1
745 1700 1
687 1700 1
741 1704 1
741 745 2
687 741 1
745 1704 1
687 1704 1
129 745 1
538 745 1
129 538 3
745 1933 1
257 745 1
745 1591 1
257 1933 1
1591 1933 1
257 1591 1
745 1884 1
745 1885 1
1884 1885 3
745 2579 1
157 560 2
214 560 1
560 766 1
157 214 1
214 766 1
1121 1344 1
1344 2706 1
540 1344 1
1344 1345 1
1344 1354 1
1344 1348 1
1345 1354 1
1345 1348 1
1348 1354 1
1046 1345 1
1047 1345 1
1046 1047 1
540 1345 1
540 2706 1
540 1121 1
629 1348 1
801 1377 1
1377 1642 1
1354 1377 1
534 1377 1
801 1642 2
801 1354 1
534 801 1
1354 1642 1
534 1642 1
534 1354 1
1138 1354 2
1047 1354 1
1047 1138 1
1121 1354 1
1121 1138 1
585 1354 1
1354 1680 1
1674 1680 1
1354 1674 2
82 1554 1
102 1595 2
1595 2675 3
1595 2006 1
102 2675 2
102 2006 1
2006 2675 1
102 1908 1
102 1862 1
102 1644 1
1644 1862 2
1862 2675 1
1595 1862 2
1644 2675 3
1595 1644 3
308 1003 1
1003 2653 1
308 2653 1
1003 1848 1
1004 1848 1
1007 2282 1
485 2380 3
485 1838 2
485 1908 3
485 2558 1
1838 2380 1
1908 2380 3
2380 2558 1
1838 1908 1
1838 2558 1
1908 2558 1
485 2561 1
1838 2561 1
719 1908 2
485 719 2
719 2380 2
485 1527 1
1527 2380 1
719 1527 1
1527 1908 1
2220 2226 4
995 2226 1
995 2220 1
129 2220 1
2175 2220 1
860 2220 1
860 2175 1
1595 1964 2
1964 2675 1
1644 1964 2
1862 1964 1
1644 1812 1
862 1644 1
1019 2675 1
1019 1644 1
217 763 1
217 1879 1
763 1879 1
2060 2066 1
2052 2066 1
2061 2066 1
2052 2060 1
2060 2061 1
2052 2061 1
858 2303 1
495 2016 1
464 2016 1
342 2016 1
729 2016 1
464 495 1
342 495 2
495 729 1
342 464 1
464 729 1
342 729 3
467 2115 2
339 495 1
467 495 1
495 573 1
339 467 2
339 342 2
339 573 1
342 467 4
467 573 1
342 573 1
1993 2115 1
270 2115 1
342 2115 1
270 1993 1
467 1993 1
342 1993 3
270 467 1
270 342 1
560 1452 1
157 1452 3
560 2315 1
204 675 1
204 2049 1
204 2215 1
1290 2329 2
661 1290 1
661 2423 1
1050 2707 1
331 2707 1
331 1493 1
1493 2707 1
157 1340 1
14 157 1
101 2596 2
157 2596 1
101 157 1
157 2428 1
157 1079 1
740 1452 1
246 1452 1
157 740 1
246 740 1
157 246 1
157 2056 1
88 157 1
157 2532 1
160 1857 1
78 160 2
78 1857 1
160 214 1
78 214 1
160 2540 1
125 160 1
160 2020 1
125 2540 1
2020 2540 1
125 2020 1
1059 1284 1
607 1059 1
607 1284 1
524 1284 1
934 1079 1
1079 2175 1
934 2175 1
1019 1112 1
1112 2530 1
331 1112 1
1118 2135 1
2011 2182 2
1026 1095 1
798 1095 1
624 659 1
627 1569 1
159 2543 1
671 1697 1
804 1697 1
740 804 1
804 1559 1
2428 2658 1
2430 2658 1
2428 2430 1
636 764 1
636 703 1
415 2673 1
415 1690 1
415 1178 2
1690 2673 1
1178 2673 1
1178 1690 1
1954 2696 1
615 2696 1
615 1954 1
664 1593 1
664 1954 1
1593 1954 1
2222 2305 1
1954 2222 1
2179 2222 1
2092 2327 1
1124 1566 1
188 2361 1
185 577 1
324 577 1
332 577 1
185 324 1
185 332 1
324 332 2
143 350 1
350 351 1
350 1990 1
350 1718 1
1718 1990 1
1461 1593 1
227 2131 1
1307 1595 1
1462 1595 1
1422 1595 1
1307 1462 1
1307 1422 1
1422 1462 1
14 268 1
14 299 1
14 1006 1
14 574 1
250 1116 3
14 250 3
14 1116 3
2107 2496 2
14 2496 1
14 2107 1
1908 2017 1
1086 2017 1
1908 1909 1
1086 1908 1
1086 1909 2
1086 1582 1
1910 2506 2
2375 2506 1
1910 2375 1
1910 2366 2
2366 2661 1
2366 2506 2
399 1250 1
522 1419 1
522 684 1
522 1425 1
522 1427 1
684 1419 1
1419 1425 1
684 1425 1
684 1427 1
1425 1427 1
161 1425 1
161 779 1
161 1550 1
779 1425 1
1425 1550 1
779 1550 1
613 2496 1
268 2496 1
1878 2496 1
613 1878 1
613 2107 1
268 1878 1
268 2107 2
1878 2107 1
15 1176 1
15 1815 1
15 129 1
15 2165 1
15 2044 1
1050 1724 1
1827 2509 1
574 1827 1
574 2509 1
2178 2181 3
1793 2178 1
2254 2265 1
1303 2265 1
1303 2254 1
809 1321 5
809 1129 5
1129 1321 4
809 1615 2
441 809 1
441 1321 1
809 812 3
809 814 3
809 1365 2
809 1341 2
812 814 2
812 1365 1
812 1341 1
814 1365 2
814 1341 2
1341 1365 2
809 1080 1
1080 1321 1
1080 1129 1
812 1321 1
812 1129 1
985 2674 1
159 985 1
159 2674 1
129 1409 1
538 2165 1
129 2624 1
1153 2624 1
537 2624 1
538 2624 1
129 1153 1
129 537 1
537 1153 1
538 1153 1
537 538 1
2307 2351 1
540 1640 1
670 1640 1
1047 1640 2
540 670 1
540 1047 1
670 1047 1
62 332 1
62 326 1
326 332 1
327 332 1
326 327 1
881 2624 1
881 1411 1
881 2397 2
881 2405 1
1411 2397 1
1411 2405 1
2397 2405 1
881 1119 1
1119 2397 1
1058 2129 1
881 2129 1
881 1058 1
538 1969 1
1116 1461 1
4 250 1
107 108 2
250 1701 1
250 1591 1
1591 1701 1
1172 2341 1
1268 2341 3
1268 2221 1
2221 2341 1
1757 2341 1
1268 1757 1
1206 1409 1
415 1409 1
415 1206 1
189 712 1
712 2102 1
415 712 1
189 2102 1
189 415 1
415 2102 1
380 1178 1
380 415 1
1831 1836 1
55 1831 1
1831 2334 2
415 1831 2
55 1836 1
1836 2334 1
415 1836 1
55 2334 1
55 415 1
415 1832 1
1832 2334 1
1831 1832 1
219 415 1
725 759 1
161 759 1
161 358 1
161 1255 1
358 759 1
759 1255 1
358 1255 1
759 2578 1
2578 2679 1
759 2679 1
1148 1640 1
1640 1648 1
1148 1648 1
1047 1148 1
1047 1648 1
1569 1679 1
1569 1684 1
1679 1684 1
314 1679 1
1182 1679 1
314 1684 1
1182 1684 1
1008 1010 1
1010 1569 3
33 832 1
36 832 1
832 1591 1
33 36 1
33 1591 1
36 1591 1
1052 1701 1
1527 2169 1
260 1894 1
260 2088 1
260 2166 1
1894 2088 1
1894 2166 1
1527 1894 3
1527 2088 2
1527 2166 2
909 913 1
913 1894 2
913 1527 2
909 1894 1
909 1527 1
1326 2166 2
260 1326 1
260 398 1
248 260 1
398 1326 3
248 1326 2
398 1527 1
248 398 1
248 1527 1
1867 1869 1
2242 2506 1
2242 2366 1
717 2605 1
538 1689 1
219 1689 2
2021 2049 1
2049 2337 1
2021 2337 1
382 2132 1
848 1025 1
848 1586 1
848 1027 1
1025 1586 1
1025 1027 1
1027 1586 1
291 538 1
538 712 1
712 1662 1
538 1662 1
1301 1595 1
1528 1595 1
360 1528 1
360 1595 1
1550 1702 1
2243 2466 1
885 2466 1
885 2243 1
803 1439 1
1439 1563 1
243 1439 1
18 866 1
389 1064 1
107 389 1
389 623 1
389 2293 1
107 1064 1
623 1064 1
1064 2293 1
107 623 1
107 2293 1
623 2293 1
930 1254 1
1326 1894 1
364 365 1
364 366 1
365 366 1
365 2112 1
954 2558 1
646 2558 1
646 954 1
1178 2211 2
1178 2598 4
1178 1231 4
2211 2598 2
1231 2211 2
1231 2598 4
995 1178 5
995 2598 3
995 1231 4
1178 1277 1
1178 1737 1
1178 1736 1
995 1736 1
995 2470 1
2470 2598 1
1231 2470 1
1178 2470 1
1178 1495 1
995 1495 1
2175 2641 1
1257 1911 2
1911 2261 3
1911 2175 3
1696 1940 1
1696 2175 1
1940 2175 1
2261 2379 1
2133 2379 1
1911 2379 1
2175 2379 1
2133 2261 1
1911 2133 1
2133 2175 1
188 2175 1
1184 1784 2
1184 2133 1
1784 2133 1
934 1184 2
974 1184 1
55 1184 1
934 974 1
55 934 1
934 1784 1
55 974 1
974 1784 1
55 1784 1
1184 1911 1
934 1911 1
764 1515 1
1796 2334 1
1161 2326 1
2149 2194 2
2190 2194 4
2149 2190 2
2189 2194 2
2149 2189 1
2189 2190 2
86 249 1
2128 2319 1
2128 2130 1
2128 2131 1
2130 2131 1
1265 1725 1
880 1523 1
120 177 1
120 2259 1
177 2259 1
1177 1620 1
1134 2429 1
2317 2429 1
1404 2429 1
2165 2429 1
1404 2165 1
1601 2329 1
675 1601 1
551 2551 1
339 1602 1
339 1326 1
339 971 1
971 1326 1
729 1993 1
276 1993 1
276 342 2
276 729 1
398 2088 2
1326 2088 2
342 2088 1
342 398 1
398 2166 1
342 1326 1
342 2166 1
778 1027 1
778 967 1
967 1027 1
2249 2250 1
2249 2252 1
2249 2259 1
2238 2249 1
2250 2252 1
2250 2259 1
2238 2250 1
2252 2259 1
2238 2252 1
2238 2259 1
299 1827 2
1827 2511 1
299 2511 1
1853 2511 1
2418 2511 2
2141 2511 1
2005 2418 1
2005 2511 1
1528 1532 1
689 2630 1
689 1625 1
36 1052 1
299 574 1
1015 1654 2
1338 1654 1
784 917 1
784 1654 1
784 1015 1
917 1654 1
917 1015 1
121 1656 1
1806 2579 1
1007 1489 1
1326 2167 1
1747 2069 1
1326 1747 1
1326 2069 1
248 2434 1
1326 2434 1
643 2556 1
275 573 1
275 279 1
279 573 1
101 916 1
916 2596 1
1764 1770 1
1765 1770 1
1764 1765 1
30 32 1
447 1471 1
693 1471 1
314 1244 1
348 1244 1
1668 2176 1
1268 2108 2
623 1898 1
1268 1898 1
1898 2292 1
1898 2108 1
623 1268 1
623 2292 1
623 2108 1
1268 2292 1
2108 2292 1
719 1666 1
719 1618 1
719 2021 1
1696 1775 1
1775 1793 1
1775 1795 1
439 2590 1
1550 1555 1
684 1550 1
793 1455 1
793 1167 1
793 1069 1
1069 1153 1
1153 1685 1
1474 1728 1
1473 1728 2
793 1474 1
793 1473 1
1473 1474 1
793 1980 1
188 1980 1
857 1483 1
1052 2576 1
429 1333 1
1146 1252 1
1539 2438 1
1800 2016 1
253 489 2
253 1815 1
238 489 2
301 489 1
238 301 1
934 2598 1
934 2407 1
934 2604 1
934 2330 1
2407 2598 1
2598 2604 2
2330 2598 1
2407 2604 1
2330 2407 1
2330 2604 1
912 1891 1
912 2044 1
1891 2044 1
1696 2330 1
1696 2604 1
1696 2598 1
1631 1696 1
1631 2604 1
1631 2598 1
748 2660 1
137 416 1
416 748 1
416 1713 1
416 1716 1
137 748 1
137 1713 2
137 1716 1
748 1713 1
748 1716 1
1891 1968 1
1968 2619 1
990 1968 1
1891 2619 1
990 1891 1
990 2619 1
912 1149 1
912 1630 1
1149 1630 1
324 1898 1
326 1898 1
324 326 1
995 2065 1
1231 2065 2
324 327 1
324 389 1
332 389 1
327 2292 1
952 1937 1
332 952 1
623 952 1
332 1937 1
623 1937 1
332 623 1
802 993 1
2337 2662 1
527 2337 1
2337 2611 1
2337 2459 1
527 2662 1
2611 2662 1
2459 2662 1
527 2611 1
527 2459 1
2459 2611 1
123 2459 1
261 687 1
1804 1805 1
137 1926 1
138 1926 1
1926 1933 1
1926 1941 1
137 138 2
137 1933 1
137 1941 1
138 1933 1
138 1941 1
1933 1941 1
137 2510 1
137 1913 1
138 2510 1
138 1913 1
1713 2510 4
1913 2510 1
1713 1913 1
922 923 2
100 758 1
100 265 1
100 1980 1
265 1980 1
1301 1663 1
161 1015 1
161 2448 1
2285 2448 1
161 2285 1
380 1728 1
380 1473 1
1134 1738 1
1409 2200 2
1221 2200 2
1221 1409 2
379 756 1
668 1724 1
2481 2528 1
1063 1175 1
99 2592 1
99 2679 1
99 784 1
784 1619 1
784 1614 1
99 1619 1
99 1614 1
1614 1619 1
99 1722 1
1722 1723 1
99 1723 2
99 894 1
358 894 1
99 358 1
2236 2262 2
346 363 1
77 346 1
143 346 2
77 363 1
143 363 1
77 143 1
340 341 2
341 709 1
340 709 2
283 1990 1
2268 2275 1
1120 2268 1
58 805 1
58 1774 1
805 1774 1
58 571 1
524 1169 1
38 273 1
1172 1294 1
515 623 1
1747 2434 1
152 1384 1
1718 2285 1
962 1252 1
820 962 1
820 1252 2
1159 1252 1
1404 2058 1
757 2058 1
188 1404 1
188 757 1
757 1404 1
838 1714 1
417 508 1
508 2326 1
1034 1533 1
873 1520 1
1058 1520 1
595 1990 1
2189 2668 1
2190 2668 1
1536 2667 1
1536 1663 1
1663 2667 1
1461 1511 1
1139 1598 1
1139 1572 1
272 1551 1
1928 2124 1
1176 1866 1
1005 1382 1
209 2407 1
714 1216 2
714 1218 3
1216 1392 1
1218 1392 1
714 1392 1
1218 1530 1
1218 1796 1
714 1796 1
1613 1619 1
1784 2216 2
1840 2216 2
1839 2216 2
1784 1840 2
1784 1839 2
1839 1840 2
2470 2646 1
2470 2643 1
1260 1262 1
2133 2392 1
2206 2392 1
2133 2206 1
2206 2379 1
2697 2698 2
1759 2697 1
916 2374 1
916 2373 1
468 888 1
888 1372 1
468 1372 1
888 1713 1
888 1716 1
491 2025 1
468 2025 1
468 491 2
2153 2219 3
2153 2510 2
2153 2318 1
2219 2510 1
2219 2318 1
2318 2510 1
2022 2153 1
2022 2219 1
2008 2153 1
2008 2219 1
2247 2263 1
1713 2362 2
1716 2510 1
1761 2234 1
1761 2235 1
126 1761 1
2234 2235 1
126 2234 1
126 2235 1
468 2318 1
115 1906 1
833 1796 1
589 592 1
592 1509 2
1999 2003 1
371 2373 1
371 2374 1
371 2239 1
2373 2374 2
1373 2373 1
1373 2374 1
1315 2562 1
2452 2562 1
1315 2452 1
1777 1802 1
914 1551 1
571 2694 1
571 2495 2
571 1762 1
1762 2495 2
19 1762 1
19 2495 1
1477 1485 1
1884 1886 2
1885 1886 2
